3.459 29.187 2 1.32896 -66.708
3.659 29.187 2 1.36295 -70.4101
3.859 29.187 2 1.42449 -65.866
4.059 29.187 2 1.51019 -69.7842
4.259 29.187 2 1.61623 -76.1005
4.459 29.187 2 1.73889 -75.3572
4.659 29.187 2 1.8749 -69.044
4.859 29.187 2 2.02158 -80.5978
5.059 29.187 2 2.17676 -72.2422
5.259 29.187 2 2.33876 -68.1112
5.459 29.187 2 2.50626 -72.6147
5.659 29.187 2 2.67822 -68.608
5.859 29.187 2 2.85383 -70.4664
6.059 29.187 2 3.03247 -70.6048
6.259 29.187 2 3.21363 -72.475
6.459 29.187 2 3.3969 -71.9505
6.659 29.187 2 3.58196 -73.9968
6.859 29.187 2 3.76855 -72.3294
7.059 29.187 2 3.95645 -72.0832
7.259 29.187 2 4.14548 -70.5483
7.459 29.187 2 4.3355 -71.6352
7.659 29.187 2 4.52637 -74.9844
7.859 29.187 2 4.718 -77.796
8.059 29.187 2 4.9103 -72.9359
8.259 29.187 2 5.1032 -75.4141
8.459 29.187 2 5.29661 -77.6563
8.659 29.187 2 5.49051 -75.6699
8.859 29.187 2 5.68482 -73.064
9.059 29.187 2 5.87951 -74.7329
9.259 29.187 2 6.07455 -80.3224
9.459 29.187 2 6.26991 -76.1961
9.659 29.187 2 6.46554 -71.4195
9.859 29.187 2 6.66144 -78.5008
10.059 29.187 2 6.85757 -75.0551
10.259 29.187 2 7.05392 -77.2753
10.459 29.187 2 7.25047 -78.9242
10.659 29.187 2 7.4472 -77.342
10.859 29.187 2 7.64411 -76.7936
11.059 29.187 2 7.84117 -84.2623
3.459 29.387 2 1.13006 -72.3899
3.659 29.387 2 1.16986 -72.3116
3.859 29.387 2 1.241 -67.4249
4.059 29.387 2 1.33851 -70.374
4.259 29.387 2 1.4571 -75.6048
4.459 29.387 2 1.59206 -82.2273
4.659 29.387 2 1.73959 -67.7508
4.859 29.387 2 1.89676 -79.545
5.059 29.387 2 2.06136 -72.8781
5.259 29.387 2 2.23175 -72.3643
5.459 29.387 2 2.40671 -68.2327
5.659 29.387 2 2.5853 -64.8057
5.859 29.387 2 2.76682 -63.2575
6.059 29.387 2 2.95073 -63.4042
6.259 29.387 2 3.13661 -64.7647
6.459 29.387 2 3.32413 -64.7944
6.659 29.387 2 3.51303 -66.0628
6.859 29.387 2 3.70309 -65.346
7.059 29.387 2 3.89415 -65.3461
7.259 29.387 2 4.08607 -65.2855
7.459 29.387 2 4.27872 -63.6622
7.659 29.387 2 4.47202 -62.8589
7.859 29.387 2 4.66589 -64.6951
8.059 29.387 2 4.86025 -64.1641
8.259 29.387 2 5.05505 -64.8304
8.459 29.387 2 5.25024 -68.0816
8.659 29.387 2 5.44578 -70.1554
8.859 29.387 2 5.64164 -69.2954
9.059 29.387 2 5.83777 -66.6865
9.259 29.387 2 6.03416 -67.8967
9.459 29.387 2 6.23078 -72.5321
9.659 29.387 2 6.42761 -73.48
9.859 29.387 2 6.62463 -74.2093
10.059 29.387 2 6.82182 -72.7831
10.259 29.387 2 7.01917 -69.1183
10.459 29.387 2 7.21666 -67.8267
10.659 29.387 2 7.41429 -74.7578
10.859 29.387 2 7.61205 -75.9709
11.059 29.387 2 7.80992 -71.4981
3.459 29.587 2 0.931647 -71.2193
3.659 29.587 2 0.979533 -68.2761
3.859 29.587 2 1.06349 -59.3541
4.059 29.587 2 1.17581 -72.3922
4.259 29.587 2 1.30922 -64.7128
4.459 29.587 2 1.45793 -65.8404
4.659 29.587 2 1.61774 -71.4477
4.859 29.587 2 1.78567 -70.2317
5.059 29.587 2 1.95962 -82.7762
5.259 29.587 2 2.13814 -68.478
5.459 29.587 2 2.32017 -69.5648
5.659 29.587 2 2.50493 -68.7478
5.859 29.587 2 2.69188 -73.0159
6.059 29.587 2 2.88058 -72.0496
6.259 29.587 2 3.07071 -69.5629
6.459 29.587 2 3.26202 -65.5398
6.659 29.587 2 3.45431 -66.0219
6.859 29.587 2 3.64744 -67.5951
7.059 29.587 2 3.84127 -65.8834
7.259 29.587 2 4.0357 -67.4622
7.459 29.587 2 4.23065 -66.6185
7.659 29.587 2 4.42605 -68.1569
7.859 29.587 2 4.62184 -66.2692
8.059 29.587 2 4.81798 -66.0619
8.259 29.587 2 5.01442 -67.0835
8.459 29.587 2 5.21114 -67.9834
8.659 29.587 2 5.40809 -69.3224
8.859 29.587 2 5.60527 -70.1848
9.059 29.587 2 5.80263 -75.9413
9.259 29.587 2 6.00017 -82.0526
9.459 29.587 2 6.19787 -78.3311
9.659 29.587 2 6.39571 -77.5583
9.859 29.587 2 6.59368 -72.834
10.059 29.587 2 6.79177 -73.367
10.259 29.587 2 6.98997 -69.3807
10.459 29.587 2 7.18827 -73.9646
10.659 29.587 2 7.38666 -71.1082
10.859 29.587 2 7.58513 -69.2338
11.059 29.587 2 7.78368 -69.5813
3.459 29.787 2 0.734088 -73.1283
3.659 29.787 2 0.793981 -64.2785
3.859 29.787 2 0.895503 -64.6012
4.059 29.787 2 1.02638 -76.0184
4.259 29.787 2 1.17685 -83.775
4.459 29.787 2 1.34033 -63.5391
4.659 29.787 2 1.51262 -63.1989
4.859 29.787 2 1.69101 -69.1046
5.059 29.787 2 1.87378 -65.2507
5.259 29.787 2 2.05975 -67.7129
5.459 29.787 2 2.24813 -70.3824
5.659 29.787 2 2.43836 -66.7401
5.859 29.787 2 2.63004 -68.0186
6.059 29.787 2 2.82288 -66.3629
6.259 29.787 2 3.01665 -70.2606
6.459 29.787 2 3.21118 -75.1323
6.659 29.787 2 3.40635 -65.9279
6.859 29.787 2 3.60204 -63.6194
7.059 29.787 2 3.79819 -65.6366
7.259 29.787 2 3.99472 -66.4802
7.459 29.787 2 4.19157 -68.4687
7.659 29.787 2 4.38871 -70.589
7.859 29.787 2 4.5861 -68.9357
8.059 29.787 2 4.78371 -75.769
8.259 29.787 2 4.9815 -83.865
8.459 29.787 2 5.17947 -74.157
8.659 29.787 2 5.37758 -68.8766
8.859 29.787 2 5.57583 -65.2969
9.059 29.787 2 5.77421 -64.4144
9.259 29.787 2 5.97269 -64.9379
9.459 29.787 2 6.17126 -66.8451
9.659 29.787 2 6.36993 -67.7294
9.859 29.787 2 6.56868 -68.1987
10.059 29.787 2 6.7675 -66.2278
10.259 29.787 2 6.96639 -65.2475
10.459 29.787 2 7.16534 -67.9951
10.659 29.787 2 7.36435 -68.6898
10.859 29.787 2 7.56341 -68.6137
11.059 29.787 2 7.76252 -70.8748
3.459 29.987 2 0.538336 -64.2163
3.659 29.987 2 0.617515 -61.8211
3.859 29.987 2 0.743536 -70.3587
4.059 29.987 2 0.896864 -69.9282
4.259 29.987 2 1.06578 -62.0951
4.459 29.987 2 1.24395 -65.5837
4.659 29.987 2 1.42791 -68.4749
4.859 29.987 2 1.61569 -64.9041
5.059 29.987 2 1.80609 -60.9243
5.259 29.987 2 1.99837 -66.4561
5.459 29.987 2 2.19203 -65.8727
5.659 29.987 2 2.38674 -70.5177
5.859 29.987 2 2.58226 -68.8392
6.059 29.987 2 2.77841 -67.5496
6.259 29.987 2 2.97508 -67.8501
6.459 29.987 2 3.17216 -74.8254
6.659 29.987 2 3.36959 -69.2295
6.859 29.987 2 3.5673 -64.2136
7.059 29.987 2 3.76526 -63.7632
7.259 29.987 2 3.96342 -63.8703
7.459 29.987 2 4.16176 -71.9901
7.659 29.987 2 4.36024 -86.3382
7.859 29.987 2 4.55886 -83.1822
8.059 29.987 2 4.7576 -72.3176
8.259 29.987 2 4.95644 -71.4188
8.459 29.987 2 5.15537 -72.5624
8.659 29.987 2 5.35437 -67.3994
8.859 29.987 2 5.55345 -66.4013
9.059 29.987 2 5.7526 -65.6849
9.259 29.987 2 5.9518 -67.1157
9.459 29.987 2 6.15105 -69.3001
9.659 29.987 2 6.35035 -71.1695
9.859 29.987 2 6.54969 -75.4349
10.059 29.987 2 6.74907 -72.0908
10.259 29.987 2 6.94849 -73.638
10.459 29.987 2 7.14794 -79.2785
10.659 29.987 2 7.34742 -77.0142
10.859 29.987 2 7.54692 -66.7571
11.059 29.987 2 7.74646 -65.9752
3.459 30.187 2 0.347455 -59.0181
3.659 30.187 2 0.460701 -62.285
3.859 30.187 2 0.619488 -62.3581
4.059 30.187 2 0.797048 -59.8188
4.259 30.187 2 0.983263 -62.356
4.459 30.187 2 1.17402 -63.87
4.659 30.187 2 1.36742 -62.6161
4.859 30.187 2 1.56249 -63.1271
5.059 30.187 2 1.75866 -69.3651
5.259 30.187 2 1.95561 -60.372
5.459 30.187 2 2.15312 -67.1053
5.659 30.187 2 2.35105 -67.4516
5.859 30.187 2 2.54931 -73.978
6.059 30.187 2 2.74781 -64.76
6.259 30.187 2 2.94652 -69.4298
6.459 30.187 2 3.1454 -71.2172
6.659 30.187 2 3.34441 -69.5835
6.859 30.187 2 3.54352 -64.1421
7.059 30.187 2 3.74274 -62.8464
7.259 30.187 2 3.94203 -65.9234
7.459 30.187 2 4.14139 -80.5965
7.659 30.187 2 4.34081 -76.7108
7.859 30.187 2 4.54028 -71.4337
8.059 30.187 2 4.7398 -69.106
8.259 30.187 2 4.93935 -68.3869
8.459 30.187 2 5.13894 -67.6064
8.659 30.187 2 5.33856 -68.4027
8.859 30.187 2 5.53821 -71.237
9.059 30.187 2 5.73788 -74.2901
9.259 30.187 2 5.93758 -77.0992
9.459 30.187 2 6.13729 -76.0367
9.659 30.187 2 6.33702 -68.8129
9.859 30.187 2 6.53677 -64.7381
10.059 30.187 2 6.73653 -64.4981
10.259 30.187 2 6.93631 -65.3547
10.459 30.187 2 7.1361 -67.9665
10.659 30.187 2 7.3359 -69.2992
10.859 30.187 2 7.53571 -69.0925
11.059 30.187 2 7.73553 -64.7363
3.459 30.387 2 0.17789 -59.6296
3.659 30.387 2 0.350949 -55.6605
3.859 30.387 2 0.542849 -58.3999
4.059 30.387 2 0.739057 -56.3168
4.259 30.387 2 0.93687 -57.4481
4.459 30.387 2 1.13545 -58.9532
4.659 30.387 2 1.33445 -59.6787
4.859 30.387 2 1.53372 -61.8354
5.059 30.387 2 1.73315 -65.0657
5.259 30.387 2 1.9327 -64.7577
5.459 30.387 2 2.13233 -62.7037
5.659 30.387 2 2.33203 -68.8567
5.859 30.387 2 2.53178 -66.5363
6.059 30.387 2 2.73156 -65.2437
6.259 30.387 2 2.93137 -65.9163
6.459 30.387 2 3.13121 -68.1606
6.659 30.387 2 3.33106 -68.6119
6.859 30.387 2 3.53093 -65.1476
7.059 30.387 2 3.73082 -64.7688
7.259 30.387 2 3.93072 -71.8809
7.459 30.387 2 4.13062 -71.3911
7.659 30.387 2 4.33054 -63.7369
7.859 30.387 2 4.53046 -62.7632
8.059 30.387 2 4.73039 -66.0466
8.259 30.387 2 4.93033 -70.7669
8.459 30.387 2 5.13027 -74.464
8.659 30.387 2 5.33021 -80.7956
8.859 30.387 2 5.53016 -72.6524
9.059 30.387 2 5.73011 -68.1193
9.259 30.387 2 5.93007 -67.1785
9.459 30.387 2 6.13003 -66.0793
9.659 30.387 2 6.32999 -66.4282
9.859 30.387 2 6.52995 -66.282
10.059 30.387 2 6.72992 -67.7938
10.259 30.387 2 6.92989 -69.6997
10.459 30.387 2 7.12986 -78.1101
10.659 30.387 2 7.32983 -78.7992
10.859 30.387 2 7.5298 -73.3502
11.059 30.387 2 7.72977 -68.0669
3.459 30.587 2 0.150215 -33.3585
3.659 30.587 2 0.337764 -43.3968
3.859 30.587 2 0.53442 -48.5507
4.059 30.587 2 0.732888 -51.7519
4.259 30.587 2 0.932011 -54.8123
4.459 30.587 2 1.13144 -57.5248
4.659 30.587 2 1.33105 -59.17
4.859 30.587 2 1.53075 -60.1394
5.059 30.587 2 1.73053 -58.8078
5.259 30.587 2 1.93035 -61.9118
5.459 30.587 2 2.1302 -58.8286
5.659 30.587 2 2.33008 -65.5018
5.859 30.587 2 2.52998 -63.052
6.059 30.587 2 2.72989 -64.3976
6.259 30.587 2 2.92982 -63.4419
6.459 30.587 2 3.12975 -67.6602
6.659 30.587 2 3.3297 -67.9349
6.859 30.587 2 3.52965 -64.9133
7.059 30.587 2 3.7296 -67.2387
7.259 30.587 2 3.92956 -69.33
7.459 30.587 2 4.12952 -69.3919
7.659 30.587 2 4.32949 -63.5692
7.859 30.587 2 4.52946 -65.7698
8.059 30.587 2 4.72943 -82.5248
8.259 30.587 2 4.92941 -72.9339
8.459 30.587 2 5.12938 -67.9896
8.659 30.587 2 5.32936 -67.2463
8.859 30.587 2 5.52934 -66.9213
9.059 30.587 2 5.72932 -67.0428
9.259 30.587 2 5.9293 -68.1003
9.459 30.587 2 6.12929 -74.1801
9.659 30.587 2 6.32927 -83.623
9.859 30.587 2 6.52926 -73.3021
10.059 30.587 2 6.72924 -72.5226
10.259 30.587 2 6.92923 -71.0388
10.459 30.587 2 7.12922 -65.0204
10.659 30.587 2 7.32921 -64.0933
10.859 30.587 2 7.5292 -66.2765
11.059 30.587 2 7.72919 -69.5377
3.459 30.787 2 0.305752 -40.739
3.659 30.787 2 0.430122 -41.7898
3.859 30.787 2 0.597097 -46.0242
4.059 30.787 2 0.779772 -48.5166
4.259 30.787 2 0.969311 -51.7605
4.459 30.787 2 1.16236 -53.8904
4.659 30.787 2 1.35743 -55.3518
4.859 30.787 2 1.55375 -57.826
5.059 30.787 2 1.7509 -59.0389
5.259 30.787 2 1.94863 -60.8859
5.459 30.787 2 2.14678 -59.5976
5.659 30.787 2 2.34525 -66.6097
5.859 30.787 2 2.54396 -61.8777
6.059 30.787 2 2.74285 -63.4151
6.259 30.787 2 2.9419 -63.9708
6.459 30.787 2 3.14106 -67.5539
6.659 30.787 2 3.34033 -65.0943
6.859 30.787 2 3.53968 -65.1658
7.059 30.787 2 3.7391 -67.6637
7.259 30.787 2 3.93857 -68.5122
7.459 30.787 2 4.1381 -64.3658
7.659 30.787 2 4.33767 -64.4652
7.859 30.787 2 4.53728 -72.555
8.059 30.787 2 4.73692 -71.8749
8.259 30.787 2 4.93659 -63.606
8.459 30.787 2 5.13629 -63.112
8.659 30.787 2 5.33601 -67.3154
8.859 30.787 2 5.53575 -93.4096
9.059 30.787 2 5.73551 -72.2322
9.259 30.787 2 5.93528 -70.217
9.459 30.787 2 6.13507 -68.7682
9.659 30.787 2 6.33487 -67.7069
9.859 30.787 2 6.53469 -66.9519
10.059 30.787 2 6.73451 -68.29
10.259 30.787 2 6.93435 -74.6791
10.459 30.787 2 7.13419 -75.4776
10.659 30.787 2 7.33404 -78.0693
10.859 30.787 2 7.53391 -77.0924
11.059 30.787 2 7.73377 -66.8946
3.459 30.987 2 0.494373 -46.8956
3.659 30.987 2 0.57959 -44.9753
3.859 30.987 2 0.712351 -45.9815
4.059 30.987 2 0.871186 -48.0903
4.259 30.987 2 1.04426 -50.9169
4.459 30.987 2 1.22556 -52.4727
4.659 30.987 2 1.41192 -54.154
4.859 30.987 2 1.60158 -55.1364
5.059 30.987 2 1.79348 -57.403
5.259 30.987 2 1.98698 -60.2471
5.459 30.987 2 2.18165 -60.4833
5.659 30.987 2 2.37721 -63.031
5.859 30.987 2 2.57345 -60.1259
6.059 30.987 2 2.77023 -63.3778
6.259 30.987 2 2.96744 -62.8237
6.459 30.987 2 3.165 -63.72
6.659 30.987 2 3.36284 -63.5313
6.859 30.987 2 3.56093 -68.1952
7.059 30.987 2 3.75922 -68.1627
7.259 30.987 2 3.95769 -65.1321
7.459 30.987 2 4.1563 -65.6116
7.659 30.987 2 4.35503 -65.8164
7.859 30.987 2 4.55388 -71.253
8.059 30.987 2 4.75283 -65.7913
8.259 30.987 2 4.95186 -63.7376
8.459 30.987 2 5.15096 -69.2663
8.659 30.987 2 5.35013 -74.9118
8.859 30.987 2 5.54936 -65.7024
9.059 30.987 2 5.74865 -63.0886
9.259 30.987 2 5.94798 -64.9633
9.459 30.987 2 6.14736 -71.9057
9.659 30.987 2 6.34677 -76.7521
9.859 30.987 2 6.54622 -72.7983
10.059 30.987 2 6.74571 -73.2433
10.259 30.987 2 6.94522 -72.1772
10.459 30.987 2 7.14476 -66.8516
10.659 30.987 2 7.34433 -66.0161
10.859 30.987 2 7.54391 -68.1429
11.059 30.987 2 7.74352 -69.0044
3.459 31.187 2 0.689438 -51.0388
3.659 31.187 2 0.752891 -48.582
3.859 31.187 2 0.859281 -48.5478
4.059 31.187 2 0.994929 -49.9826
4.259 31.187 2 1.14952 -50.7503
4.459 31.187 2 1.31641 -52.5118
4.659 31.187 2 1.49146 -52.9003
4.859 31.187 2 1.67211 -54.1724
5.059 31.187 2 1.85674 -56.6632
5.259 31.187 2 2.04426 -58.8865
5.459 31.187 2 2.23395 -60.1596
5.659 31.187 2 2.42529 -58.3521
5.859 31.187 2 2.61793 -59.2658
6.059 31.187 2 2.8116 -62.0352
6.259 31.187 2 3.00609 -61.0572
6.459 31.187 2 3.20127 -64.6973
6.659 31.187 2 3.39701 -63.5085
6.859 31.187 2 3.59321 -65.8227
7.059 31.187 2 3.78981 -67.0567
7.259 31.187 2 3.98675 -67.6575
7.459 31.187 2 4.18398 -71.8064
7.659 31.187 2 4.38147 -67.4161
7.859 31.187 2 4.57917 -66.0781
8.059 31.187 2 4.77706 -67.6218
8.259 31.187 2 4.97512 -76.54
8.459 31.187 2 5.17333 -69.7813
8.659 31.187 2 5.37167 -66.7632
8.859 31.187 2 5.57013 -67.2124
9.059 31.187 2 5.7687 -73.7132
9.259 31.187 2 5.96736 -83.6465
9.459 31.187 2 6.16611 -70.3668
9.659 31.187 2 6.36494 -66.999
9.859 31.187 2 6.56384 -66.1965
10.059 31.187 2 6.7628 -72.8013
10.259 31.187 2 6.96183 -77.6334
10.459 31.187 2 7.1609 -71.7393
10.659 31.187 2 7.36003 -75.8841
10.859 31.187 2 7.5592 -78.8281
11.059 31.187 2 7.75842 -71.3583
3.459 31.387 2 0.886704 -53.6966
3.659 31.387 2 0.936891 -51.4158
3.859 31.387 2 1.02435 -50.1403
4.059 31.387 2 1.14053 -50.0103
4.259 31.387 2 1.27762 -50.7882
4.459 31.387 2 1.42963 -52.5965
4.659 31.387 2 1.59228 -54.3127
4.859 31.387 2 1.76264 -54.8685
5.059 31.387 2 1.93866 -55.2134
5.259 31.387 2 2.11894 -56.4356
5.459 31.387 2 2.30249 -58.4868
5.659 31.387 2 2.48857 -58.3532
5.859 31.387 2 2.67666 -59.5338
6.059 31.387 2 2.86636 -58.7706
6.259 31.387 2 3.05737 -61.0589
6.459 31.387 2 3.24947 -62.2149
6.659 31.387 2 3.44246 -61.741
6.859 31.387 2 3.63622 -65.2976
7.059 31.387 2 3.83061 -62.5844
7.259 31.387 2 4.02556 -64.5205
7.459 31.387 2 4.22098 -63.9917
7.659 31.387 2 4.4168 -65.5244
7.859 31.387 2 4.61299 -65.5856
8.059 31.387 2 4.80949 -66.5367
8.259 31.387 2 5.00627 -64.6901
8.459 31.387 2 5.20329 -65.0258
8.659 31.387 2 5.40053 -68.0211
8.859 31.387 2 5.59797 -70.3243
9.059 31.387 2 5.79559 -65.1303
9.259 31.387 2 5.99336 -64.1492
9.459 31.387 2 6.19127 -66.197
9.659 31.387 2 6.38932 -71.6854
9.859 31.387 2 6.58748 -79.4105
10.059 31.387 2 6.78575 -71.0213
10.259 31.387 2 6.98412 -67.7506
10.459 31.387 2 7.18258 -67.4025
10.659 31.387 2 7.38112 -71.3157
10.859 31.387 2 7.57974 -71.7968
11.059 31.387 2 7.77843 -78.1287
3.459 31.587 2 1.08497 -57.136
3.659 31.587 2 1.12636 -54.7579
3.859 31.587 2 1.20008 -53.6238
4.059 31.587 2 1.30066 -80.9916
4.259 31.587 2 1.42241 -54.4641
4.459 31.587 2 1.56037 -54.499
4.659 31.587 2 1.71064 -55.5971
4.859 31.587 2 1.87024 -57.7073
5.059 31.587 2 2.03699 -58.7438
5.259 31.587 2 2.20926 -59.1088
5.459 31.587 2 2.38587 -60.0367
5.659 31.587 2 2.56591 -61.8642
5.859 31.587 2 2.74871 -61.3381
6.059 31.587 2 2.93376 -63.8315
6.259 31.587 2 3.12065 -67.9593
6.459 31.587 2 3.30907 -68.0494
6.659 31.587 2 3.49878 -73.5229
6.859 31.587 2 3.68958 -67.2122
7.059 31.587 2 3.8813 -67.1603
7.259 31.587 2 4.07382 -66.8266
7.459 31.587 2 4.26703 -72.0482
7.659 31.587 2 4.46084 -68.0526
7.859 31.587 2 4.65517 -67.7743
8.059 31.587 2 4.84996 -66.7181
8.259 31.587 2 5.04516 -67.8765
8.459 31.587 2 5.24072 -70.3491
8.659 31.587 2 5.43661 -68.3024
8.859 31.587 2 5.63278 -64.2123
9.059 31.587 2 5.82921 -65.7469
9.259 31.587 2 6.02588 -74.8239
9.459 31.587 2 6.22276 -68.3767
9.659 31.587 2 6.41984 -65.317
9.859 31.587 2 6.61708 -63.9019
10.059 31.587 2 6.81449 -66.8325
10.259 31.587 2 7.01205 -69.6608
10.459 31.587 2 7.20974 -70.5818
10.659 31.587 2 7.40756 -72.2553
10.859 31.587 2 7.60549 -70.4922
11.059 31.587 2 7.80352 -70.0912
3.459 31.787 2 1.28378 -90.4739
3.659 31.787 2 1.31894 -87.9844
3.859 31.787 2 1.38243 -87.2469
4.059 31.787 2 1.47059 -56.3673
4.259 31.787 2 1.57929 -55.3081
4.459 31.787 2 1.70461 -55.2456
4.659 31.787 2 1.84315 -57.4834
4.859 31.787 2 1.99217 -57.3173
5.059 31.787 2 2.14948 -59.8244
5.259 31.787 2 2.31339 -59.5577
5.459 31.787 2 2.4826 -60.7249
5.659 31.787 2 2.65609 -61.8409
5.859 31.787 2 2.83308 -63.8298
6.059 31.787 2 3.01295 -64.1652
6.259 31.787 2 3.19521 -65.027
6.459 31.787 2 3.37948 -67.4999
6.659 31.787 2 3.56545 -66.07
6.859 31.787 2 3.75286 -68.3356
7.059 31.787 2 3.9415 -69.1126
7.259 31.787 2 4.13122 -72.9822
7.459 31.787 2 4.32186 -69.5793
7.659 31.787 2 4.51331 -67.5301
7.859 31.787 2 4.70548 -69.6329
8.059 31.787 2 4.89827 -71.6857
8.259 31.787 2 5.09162 -72.0091
8.459 31.787 2 5.28546 -70.489
8.659 31.787 2 5.47975 -69.4168
8.859 31.787 2 5.67443 -71.5561
9.059 31.787 2 5.86947 -76.4853
9.259 31.787 2 6.06483 -67.924
9.459 31.787 2 6.26049 -65.2755
9.659 31.787 2 6.45641 -67.0271
9.859 31.787 2 6.65257 -80.7989
10.059 31.787 2 6.84896 -72.3162
10.259 31.787 2 7.04555 -65.9327
10.459 31.787 2 7.24233 -65.5638
10.659 31.787 2 7.43927 -67.7057
10.859 31.787 2 7.63638 -74.3062
11.059 31.787 2 7.83364 -75.3304
3.459 31.987 2 1.4829 -90.6377
3.659 31.987 2 1.51345 -89.5549
3.859 31.987 2 1.56909 -88.8511
4.059 31.987 2 1.64729 -69.0256
4.259 31.987 2 1.74502 -56.2741
4.459 31.987 2 1.85919 -55.8349
4.659 31.987 2 1.98699 -57.1861
4.859 31.987 2 2.12595 -57.8373
5.059 31.987 2 2.27402 -58.2574
5.259 31.987 2 2.42954 -58.2567
5.459 31.987 2 2.59118 -59.4004
5.659 31.987 2 2.75785 -60.6971
5.859 31.987 2 2.92869 -62.4439
6.059 31.987 2 3.10303 -62.3222
6.259 31.987 2 3.28029 -63.9726
6.459 31.987 2 3.46003 -64.451
6.659 31.987 2 3.64188 -66.9699
6.859 31.987 2 3.82555 -68.7149
7.059 31.987 2 4.01078 -65.9141
7.259 31.987 2 4.19737 -67.5286
7.459 31.987 2 4.38513 -70.1275
7.659 31.987 2 4.57394 -77.9297
7.859 31.987 2 4.76366 -72.8534
8.059 31.987 2 4.95419 -68.2202
8.259 31.987 2 5.14543 -70.7338
8.459 31.987 2 5.33732 -71.1166
8.659 31.987 2 5.52979 -72.985
8.859 31.987 2 5.72277 -75.8115
9.059 31.987 2 5.91621 -69.8886
9.259 31.987 2 6.11008 -71.1491
9.459 31.987 2 6.30433 -77.2021
9.659 31.987 2 6.49893 -72.7089
9.859 31.987 2 6.69385 -66.4259
10.059 31.987 2 6.88906 -66.4938
10.259 31.987 2 7.08454 -71.2238
10.459 31.987 2 7.28026 -87.6802
10.659 31.987 2 7.47621 -69.3081
10.859 31.987 2 7.67237 -62.2301
11.059 31.987 2 7.86872 -67.1138
3.459 32.187 2 1.68224 -93.5005
3.659 32.187 2 1.70922 -90.6555
3.859 32.187 2 1.75868 -91.0361
4.059 32.187 2 1.82879 -81.6685
4.259 32.187 2 1.91729 -60.5205
4.459 32.187 2 2.02176 -59.0268
4.659 32.187 2 2.13987 -58.7621
4.859 32.187 2 2.26949 -60.5059
5.059 32.187 2 2.40875 -61.0671
5.259 32.187 2 2.55609 -61.1412
5.459 32.187 2 2.71019 -61.6991
5.659 32.187 2 2.86996 -62.6703
5.859 32.187 2 3.0345 -62.8969
6.059 32.187 2 3.20307 -64.9912
6.259 32.187 2 3.37509 -63.5026
6.459 32.187 2 3.55003 -65.7981
6.659 32.187 2 3.7275 -67.4653
6.859 32.187 2 3.90714 -65.7486
7.059 32.187 2 4.08868 -68.3315
7.259 32.187 2 4.27186 -70.286
7.459 32.187 2 4.45649 -73.0151
7.659 32.187 2 4.6424 -73.0219
7.859 32.187 2 4.82943 -71.6733
8.059 32.187 2 5.01746 -72.2944
8.259 32.187 2 5.20638 -77.5816
8.459 32.187 2 5.3961 -74.1214
8.659 32.187 2 5.58654 -75.3114
8.859 32.187 2 5.77763 -75.49
9.059 32.187 2 5.9693 -73.1532
9.259 32.187 2 6.16149 -70.7079
9.459 32.187 2 6.35417 -68.3147
9.659 32.187 2 6.54729 -77.1823
9.859 32.187 2 6.74081 -84.6363
10.059 32.187 2 6.9347 -80.27
10.259 32.187 2 7.12893 -70.368
10.459 32.187 2 7.32346 -68.8823
10.659 32.187 2 7.51829 -70.05
10.859 32.187 2 7.71338 -76.9507
11.059 32.187 2 7.90871 -73.4659
3.459 32.387 2 1.88171 -91.9158
3.659 32.387 2 1.90588 -90.8227
3.859 32.387 2 1.95035 -89.8267
4.059 32.387 2 2.0138 -70.5085
4.259 32.387 2 2.0945 -64.8557
4.459 32.387 2 2.19053 -63.4516
4.659 32.387 2 2.29999 -60.09
4.859 32.387 2 2.42105 -59.2381
5.059 32.387 2 2.55206 -61.7103
5.259 32.387 2 2.69157 -60.9079
5.459 32.387 2 2.83832 -61.9598
5.659 32.387 2 2.99125 -62.1271
5.859 32.387 2 3.14946 -64.5309
6.059 32.387 2 3.31219 -64.8451
6.259 32.387 2 3.47881 -67.7079
6.459 32.387 2 3.64879 -66.2443
6.659 32.387 2 3.82167 -67.9343
6.859 32.387 2 3.99708 -72.5055
7.059 32.387 2 4.17471 -69.6157
7.259 32.387 2 4.35428 -66.9584
7.459 32.387 2 4.53555 -71.4101
7.659 32.387 2 4.71834 -71.3398
7.859 32.387 2 4.90248 -69.1431
8.059 32.387 2 5.08781 -70.2707
8.259 32.387 2 5.27421 -73.8279
8.459 32.387 2 5.46158 -81.0019
8.659 32.387 2 5.64981 -74.5597
8.859 32.387 2 5.83883 -74.0034
9.059 32.387 2 6.02855 -75.6041
9.259 32.387 2 6.21892 -76.7613
9.459 32.387 2 6.40987 -73.8662
9.659 32.387 2 6.60136 -70.8349
9.859 32.387 2 6.79334 -67.3526
10.059 32.387 2 6.98577 -68.3304
10.259 32.387 2 7.17862 -73.7455
10.459 32.387 2 7.37184 -81.0582
10.659 32.387 2 7.56542 -70.2821
10.859 32.387 2 7.75932 -71.0436
11.059 32.387 2 7.95353 -74.5562
3.459 32.587 2 2.08129 -94.2516
3.659 32.587 2 2.10316 -88.0346
3.859 32.587 2 2.14355 -90.3278
4.059 32.587 2 2.20144 -68.0616
4.259 32.587 2 2.27549 -71.8698
4.459 32.587 2 2.36418 -68.7941
4.659 32.587 2 2.46594 -61.4162
4.859 32.587 2 2.57923 -60.0146
5.059 32.587 2 2.70258 -60.8485
5.259 32.587 2 2.83469 -62.3441
5.459 32.587 2 2.97438 -61.3786
5.659 32.587 2 3.12065 -63.6958
5.859 32.587 2 3.27261 -63.7917
6.059 32.587 2 3.42951 -63.598
6.259 32.587 2 3.59069 -64.6658
6.459 32.587 2 3.7556 -66.8596
6.659 32.587 2 3.92378 -66.1176
6.859 32.587 2 4.09483 -67.6594
7.059 32.587 2 4.26839 -68.6897
7.259 32.587 2 4.44417 -68.7551
7.459 32.587 2 4.62192 -66.9218
7.659 32.587 2 4.80143 -72.3448
7.859 32.587 2 4.98249 -68.5016
8.059 32.587 2 5.16495 -70.2071
8.259 32.587 2 5.34867 -71.2113
8.459 32.587 2 5.53351 -70.7325
8.659 32.587 2 5.71938 -72.3845
8.859 32.587 2 5.90617 -75.9235
9.059 32.587 2 6.09379 -72.9773
9.259 32.587 2 6.28218 -73.7207
9.459 32.587 2 6.47127 -74.1963
9.659 32.587 2 6.661 -77.6702
9.859 32.587 2 6.85131 -73.5644
10.059 32.587 2 7.04215 -72.8902
10.259 32.587 2 7.23349 -67.4722
10.459 32.587 2 7.42529 -71.3446
10.659 32.587 2 7.61751 -78.5986
10.859 32.587 2 7.81012 -73.1583
11.059 32.587 2 8.00309 -76.5277
3.459 32.787 2 2.28094 -90.737
3.659 32.787 2 2.30091 -88.3767
3.859 32.787 2 2.33789 -89.0669
4.059 32.787 2 2.39108 -69.9385
4.259 32.787 2 2.45942 -71.2849
4.459 32.787 2 2.54171 -69.0977
4.659 32.787 2 2.63663 -65.6738
4.859 32.787 2 2.74287 -64.1572
5.059 32.787 2 2.85917 -61.8577
5.259 32.787 2 2.98435 -60.3515
5.459 32.787 2 3.11735 -63.4281
5.659 32.787 2 3.25721 -63.5583
5.859 32.787 2 3.40308 -63.8658
6.059 32.787 2 3.55421 -64.1442
6.259 32.787 2 3.70998 -65.6702
6.459 32.787 2 3.86982 -64.6376
6.659 32.787 2 4.03324 -67.5972
6.859 32.787 2 4.19982 -68.8627
7.059 32.787 2 4.36922 -68.7743
7.259 32.787 2 4.5411 -72.3772
7.459 32.787 2 4.7152 -71.6725
7.659 32.787 2 4.89128 -66.1012
7.859 32.787 2 5.06913 -70.5497
8.059 32.787 2 5.24859 -70.0115
8.259 32.787 2 5.42947 -72.5114
8.459 32.787 2 5.61166 -72.3766
8.659 32.787 2 5.79502 -73.5368
8.859 32.787 2 5.97944 -72.9595
9.059 32.787 2 6.16484 -83.2934
9.259 32.787 2 6.35112 -77.3074
9.459 32.787 2 6.53822 -77.8605
9.659 32.787 2 6.72605 -75.7384
9.859 32.787 2 6.91457 -73.2656
10.059 32.787 2 7.10372 -76.8219
10.259 32.787 2 7.29345 -77.0161
10.459 32.787 2 7.48371 -73.7287
10.659 32.787 2 7.67446 -70.6084
10.859 32.787 2 7.86568 -66.0383
11.059 32.787 2 8.05732 -72.375
3.459 32.987 2 2.48065 -96.5477
3.659 32.987 2 2.49902 -88.7189
3.859 32.987 2 2.53311 -89.5254
4.059 32.987 2 2.58228 -69.9744
4.259 32.987 2 2.64569 -74.1496
4.459 32.987 2 2.72235 -77.2002
4.659 32.987 2 2.81118 -72.2444
4.859 32.987 2 2.91106 -65.276
5.059 32.987 2 3.02089 -62.5211
5.259 32.987 2 3.13963 -61.5131
5.459 32.987 2 3.26631 -63.717
5.659 32.987 2 3.40005 -62.066
5.859 32.987 2 3.54003 -65.2943
6.059 32.987 2 3.68556 -64.8817
6.259 32.987 2 3.836 -64.7103
6.459 32.987 2 3.99079 -65.4718
6.659 32.987 2 4.14945 -65.8303
6.859 32.987 2 4.31155 -65.8758
7.059 32.987 2 4.47671 -66.8118
7.259 32.987 2 4.64462 -67.4091
7.459 32.987 2 4.81498 -68.9141
7.659 32.987 2 4.98754 -71.4868
7.859 32.987 2 5.16208 -66.6931
8.059 32.987 2 5.3384 -70.6729
8.259 32.987 2 5.51635 -71.9396
8.459 32.987 2 5.69575 -73.3548
8.659 32.987 2 5.87649 -75.0198
8.859 32.987 2 6.05844 -73.1845
9.059 32.987 2 6.24149 -74.4496
9.259 32.987 2 6.42555 -73.2732
9.459 32.987 2 6.61054 -78.4363
9.659 32.987 2 6.79638 -74.1923
9.859 32.987 2 6.983 -78.8601
10.059 32.987 2 7.17034 -72.3354
10.259 32.987 2 7.35835 -74.1931
10.459 32.987 2 7.54697 -80.9435
10.659 32.987 2 7.73617 -81.1704
10.859 32.987 2 7.9259 -67.6212
11.059 32.987 2 8.11612 -68.9067
3.459 33.187 2 2.6804 -107.673
3.659 33.187 2 2.69741 -90.3317
3.859 33.187 2 2.72902 -90.705
4.059 33.187 2 2.77472 -72.1592
4.259 33.187 2 2.83383 -72.3404
4.459 33.187 2 2.90553 -81.6395
4.659 33.187 2 2.98892 -74.9895
4.859 33.187 2 3.08304 -67.8607
5.059 33.187 2 3.18696 -65.9138
5.259 33.187 2 3.29973 -63.1106
5.459 33.187 2 3.42049 -62.0476
5.659 33.187 2 3.54841 -63.7994
5.859 33.187 2 3.68277 -63.3527
6.059 33.187 2 3.82286 -64.9862
6.259 33.187 2 3.9681 -66.0867
6.459 33.187 2 4.11793 -65.6456
6.659 33.187 2 4.27187 -65.2996
6.859 33.187 2 4.42949 -65.8812
7.059 33.187 2 4.59041 -67.1801
7.259 33.187 2 4.7543 -68.6236
7.459 33.187 2 4.92087 -67.8766
7.659 33.187 2 5.08984 -66.5993
7.859 33.187 2 5.26099 -72.0097
8.059 33.187 2 5.4341 -67.5422
8.259 33.187 2 5.60901 -72.4754
8.459 33.187 2 5.78554 -73.6022
8.659 33.187 2 5.96356 -71.2839
8.859 33.187 2 6.14293 -73.2251
9.059 33.187 2 6.32353 -73.5698
9.259 33.187 2 6.50528 -74.7361
9.459 33.187 2 6.68806 -74.6828
9.659 33.187 2 6.8718 -74.6366
9.859 33.187 2 7.05643 -77.2701
10.059 33.187 2 7.24187 -74.1051
10.259 33.187 2 7.42807 -76.8726
10.459 33.187 2 7.61497 -77.434
10.659 33.187 2 7.80252 -73.6035
10.859 33.187 2 7.99067 -74.3824
11.059 33.187 2 8.17938 -72.3821
3.459 33.387 2 2.88018 -101.263
3.659 33.387 2 2.89603 -93.0558
3.859 33.387 2 2.92549 -91.3834
4.059 33.387 2 2.96816 -74.5301
4.259 33.387 2 3.0235 -80.3023
4.459 33.387 2 3.0908 -78.0304
4.659 33.387 2 3.16932 -87.7843
4.859 33.387 2 3.25823 -70.9652
5.059 33.387 2 3.35673 -67.6965
5.259 33.387 2 3.46398 -66.0964
5.459 33.387 2 3.5792 -64.0056
5.659 33.387 2 3.70164 -63.024
5.859 33.387 2 3.83062 -62.9491
6.059 33.387 2 3.9655 -64.4947
6.259 33.387 2 4.10569 -66.9685
6.459 33.387 2 4.25068 -64.9742
6.659 33.387 2 4.39997 -65.9395
6.859 33.387 2 4.55316 -65.462
7.059 33.387 2 4.70986 -67.3106
7.259 33.387 2 4.86974 -66.4283
7.459 33.387 2 5.03248 -69.872
7.659 33.387 2 5.19782 -69.6958
7.859 33.387 2 5.36553 -68.2798
8.059 33.387 2 5.53538 -73.496
8.259 33.387 2 5.70718 -68.3365
8.459 33.387 2 5.88077 -70.3092
8.659 33.387 2 6.05599 -73.0471
8.859 33.387 2 6.23269 -72.2388
9.059 33.387 2 6.41077 -73.5741
9.259 33.387 2 6.59011 -75.3958
9.459 33.387 2 6.7706 -72.2926
9.659 33.387 2 6.95216 -73.7937
9.859 33.387 2 7.13471 -72.0777
10.059 33.387 2 7.31817 -72.2107
10.259 33.387 2 7.50247 -81.3236
10.459 33.387 2 7.68756 -80.5349
10.659 33.387 2 7.87338 -73.4901
10.859 33.387 2 8.05988 -73.174
11.059 33.387 2 8.24701 -69.0995
3.459 33.587 2 3.07999 -94.6373
3.659 33.587 2 3.09482 -97.9949
3.859 33.587 2 3.1224 -92.1106
4.059 33.587 2 3.16242 -73.3285
4.259 33.587 2 3.21441 -78.7178
4.459 33.587 2 3.2778 -86.3149
4.659 33.587 2 3.35194 -76.1538
4.859 33.587 2 3.43613 -76.7242
5.059 33.587 2 3.52966 -69.8749
5.259 33.587 2 3.63181 -67.74
5.459 33.587 2 3.74187 -65.0261
5.659 33.587 2 3.85916 -63.467
5.859 33.587 2 3.98304 -64.4986
6.059 33.587 2 4.11292 -65.0757
6.259 33.587 2 4.24825 -63.5722
6.459 33.587 2 4.38853 -66.6042
6.659 33.587 2 4.53329 -66.1669
6.859 33.587 2 4.68212 -69.4454
7.059 33.587 2 4.83464 -66.0716
7.259 33.587 2 4.99052 -65.7127
7.459 33.587 2 5.14944 -67.4614
7.659 33.587 2 5.31115 -70.5001
7.859 33.587 2 5.47538 -69.4569
8.059 33.587 2 5.64193 -67.8833
8.259 33.587 2 5.81058 -73.1012
8.459 33.587 2 5.98117 -69.4671
8.659 33.587 2 6.15353 -68.5765
8.859 33.587 2 6.32751 -72.1256
9.059 33.587 2 6.50299 -73.3856
9.259 33.587 2 6.67985 -72.035
9.459 33.587 2 6.85799 -76.0762
9.659 33.587 2 7.03729 -81.7212
9.859 33.587 2 7.21769 -78.8858
10.059 33.587 2 7.39909 -71.5623
10.259 33.587 2 7.58143 -71.6555
10.459 33.587 2 7.76464 -73.452
10.659 33.587 2 7.94865 -71.0938
10.859 33.587 2 8.13343 -72.9872
11.059 33.587 2 8.3189 -73.1472
3.459 33.787 2 3.27983 -93.5503
3.659 33.787 2 3.29375 -103.607
3.859 33.787 2 3.31969 -92.7309
4.059 33.787 2 3.35736 -73.7437
4.259 33.787 2 3.40637 -83.0348
4.459 33.787 2 3.46625 -85.3894
4.659 33.787 2 3.53644 -78.8652
4.859 33.787 2 3.61634 -80.8928
5.059 33.787 2 3.70533 -71.2923
5.259 33.787 2 3.80276 -68.6164
5.459 33.787 2 3.908 -67.4539
5.659 33.787 2 4.02045 -64.7824
5.859 33.787 2 4.13951 -65.7836
6.059 33.787 2 4.26463 -62.9332
6.259 33.787 2 4.39529 -64.9449
6.459 33.787 2 4.53101 -65.8504
6.659 33.787 2 4.67136 -68.4612
6.859 33.787 2 4.81592 -66.5546
7.059 33.787 2 4.96434 -67.5278
7.259 33.787 2 5.11626 -67.1239
7.459 33.787 2 5.2714 -68.8339
7.659 33.787 2 5.42948 -68.9125
7.859 33.787 2 5.59023 -67.4219
8.059 33.787 2 5.75345 -68.4346
8.259 33.787 2 5.91893 -67.2776
8.459 33.787 2 6.08648 -73.168
8.659 33.787 2 6.25594 -71.2888
8.859 33.787 2 6.42716 -69.5321
9.059 33.787 2 6.59999 -68.2447
9.259 33.787 2 6.77432 -70.4388
9.459 33.787 2 6.95003 -72.1586
9.659 33.787 2 7.12702 -72.317
9.859 33.787 2 7.3052 -78.0448
10.059 33.787 2 7.48448 -84.1244
10.259 33.787 2 7.66479 -81.21
10.459 33.787 2 7.84605 -73.07
10.659 33.787 2 8.0282 -72.5726
10.859 33.787 2 8.21118 -75.3169
11.059 33.787 2 8.39494 -70.8187
3.459 33.987 2 3.47968 -93.0224
3.659 33.987 2 3.49281 -106.036
3.859 33.987 2 3.51728 -93.2874
4.059 33.987 2 3.55285 -78.7038
4.259 33.987 2 3.59921 -76.4726
4.459 33.987 2 3.65593 -86.3922
4.659 33.987 2 3.72254 -84.501
4.859 33.987 2 3.79853 -87.3407
5.059 33.987 2 3.88334 -77.3761
5.259 33.987 2 3.97642 -71.6436
5.459 33.987 2 4.07718 -68.0227
5.659 33.987 2 4.18508 -67.3354
5.859 33.987 2 4.29959 -63.9577
6.059 33.987 2 4.42018 -66.4676
6.259 33.987 2 4.54637 -65.4326
6.459 33.987 2 4.67771 -65.7995
6.659 33.987 2 4.81378 -65.5131
6.859 33.987 2 4.95419 -66.3713
7.059 33.987 2 5.09858 -68.102
7.259 33.987 2 5.24663 -68.808
7.459 33.987 2 5.39802 -66.1654
7.659 33.987 2 5.55249 -67.2858
7.859 33.987 2 5.70978 -68.6109
8.059 33.987 2 5.86968 -68.8009
8.259 33.987 2 6.03197 -73.6988
8.459 33.987 2 6.19647 -70.0305
8.659 33.987 2 6.363 -75.5622
8.859 33.987 2 6.5314 -71.117
9.059 33.987 2 6.70155 -69.2658
9.259 33.987 2 6.8733 -69.5799
9.459 33.987 2 7.04655 -69.9606
9.659 33.987 2 7.22117 -73.1802
9.859 33.987 2 7.39708 -74.0244
10.059 33.987 2 7.57419 -72.4442
10.259 33.987 2 7.75241 -79.3437
10.459 33.987 2 7.93167 -76.0456
10.659 33.987 2 8.1119 -67.7971
10.859 33.987 2 8.29304 -76.026
11.059 33.987 2 8.47502 -69.6273
3.459 34.187 2 3.67955 -90.8284
3.659 34.187 2 3.69197 -93.7795
3.859 34.187 2 3.71513 -94.8869
4.059 34.187 2 3.74882 -76.5133
4.259 34.187 2 3.79278 -75.6122
4.459 34.187 2 3.84665 -87.6333
4.659 34.187 2 3.91002 -83.2091
4.859 34.187 2 3.98243 -85.4231
5.059 34.187 2 4.06341 -80.4955
5.259 34.187 2 4.15245 -75.3092
5.459 34.187 2 4.24904 -69.4537
5.659 34.187 2 4.35268 -69.0046
5.859 34.187 2 4.46289 -66.7412
6.059 34.187 2 4.57918 -67.3657
6.259 34.187 2 4.70111 -66.1751
6.459 34.187 2 4.82824 -64.377
6.659 34.187 2 4.96019 -64.5787
6.859 34.187 2 5.09656 -68.4221
7.059 34.187 2 5.23703 -66.7756
7.259 34.187 2 5.38126 -69.0252
7.459 34.187 2 5.52897 -68.8773
7.659 34.187 2 5.67988 -68.5022
7.859 34.187 2 5.83374 -67.5896
8.059 34.187 2 5.99033 -67.8216
8.259 34.187 2 6.14944 -69.8073
8.459 34.187 2 6.31087 -71.027
8.659 34.187 2 6.47446 -69.8488
8.859 34.187 2 6.64004 -72.739
9.059 34.187 2 6.80747 -72.1957
9.259 34.187 2 6.97662 -73.61
9.459 34.187 2 7.14736 -72.4227
9.659 34.187 2 7.31958 -71.4391
9.859 34.187 2 7.49318 -69.9857
10.059 34.187 2 7.66807 -72.6166
10.259 34.187 2 7.84416 -73.3734
10.459 34.187 2 8.02137 -70.8649
10.659 34.187 2 8.19962 -70.1611
10.859 34.187 2 8.37886 -79.3668
11.059 34.187 2 8.55902 -70.0728
3.459 34.387 2 3.87944 -90.5461
3.659 34.387 2 3.89122 -99.4846
3.859 34.387 2 3.91319 -84.5905
4.059 34.387 2 3.9452 -84.1319
4.259 34.387 2 3.98699 -77.2294
4.459 34.387 2 4.03827 -78.7094
4.659 34.387 2 4.09868 -82.3311
4.859 34.387 2 4.16782 -78.537
5.059 34.387 2 4.24526 -78.5121
5.259 34.387 2 4.33056 -75.5548
5.459 34.387 2 4.42326 -73.6232
5.659 34.387 2 4.52292 -70.6959
5.859 34.387 2 4.62907 -67.9381
6.059 34.387 2 4.74129 -65.8385
6.259 34.387 2 4.85915 -67.2348
6.459 34.387 2 4.98225 -64.1262
6.659 34.387 2 5.11022 -66.6814
6.859 34.387 2 5.2427 -66.3904
7.059 34.387 2 5.37935 -67.5266
7.259 34.387 2 5.51987 -67.8552
7.459 34.387 2 5.66396 -68.9928
7.659 34.387 2 5.81137 -67.9983
7.859 34.387 2 5.96184 -71.7898
8.059 34.387 2 6.11515 -70.5392
8.259 34.387 2 6.27109 -70.165
8.459 34.387 2 6.42947 -68.5731
8.659 34.387 2 6.59011 -68.6703
8.859 34.387 2 6.75286 -68.6426
9.059 34.387 2 6.91756 -71.2185
9.259 34.387 2 7.08408 -71.3254
9.459 34.387 2 7.25229 -73.8194
9.659 34.387 2 7.42207 -71.6346
9.859 34.387 2 7.59333 -73.2261
10.059 34.387 2 7.76596 -72.0452
10.259 34.387 2 7.93988 -70.1607
10.459 34.387 2 8.115 -75.8803
10.659 34.387 2 8.29125 -74.5394
10.859 34.387 2 8.46855 -91.8829
11.059 34.387 2 8.64684 -74.2941
3.459 34.587 2 4.07933 -86.2261
3.659 34.587 2 4.09054 -91.7224
3.859 34.587 2 4.11145 -86.3821
4.059 34.587 2 4.14192 -91.1084
4.259 34.587 2 4.18175 -77.4118
4.459 34.587 2 4.23067 -86.5939
4.659 34.587 2 4.28837 -104.947
4.859 34.587 2 4.35449 -84.9526
5.059 34.587 2 4.42867 -82.0182
5.259 34.587 2 4.5105 -79.9372
5.459 34.587 2 4.59958 -78.7961
5.659 34.587 2 4.6955 -70.3817
5.859 34.587 2 4.79783 -73.2796
6.059 34.587 2 4.90619 -66.0336
6.259 34.587 2 5.02018 -67.9066
6.459 34.587 2 5.13943 -67.3971
6.659 34.587 2 5.26358 -67.7176
6.859 34.587 2 5.39229 -64.7721
7.059 34.587 2 5.52524 -67.2669
7.259 34.587 2 5.66214 -66.8946
7.459 34.587 2 5.8027 -67.5644
7.659 34.587 2 5.94667 -69.1734
7.859 34.587 2 6.0938 -69.3217
8.059 34.587 2 6.24387 -70.4739
8.259 34.587 2 6.39667 -69.1071
8.459 34.587 2 6.55202 -71.4329
8.659 34.587 2 6.70973 -69.5032
8.859 34.587 2 6.86964 -69.8296
9.059 34.587 2 7.03161 -70.062
9.259 34.587 2 7.19549 -72.5756
9.459 34.587 2 7.36115 -75.549
9.659 34.587 2 7.52848 -67.0294
9.859 34.587 2 7.69738 -78.9511
10.059 34.587 2 7.86773 -71.7645
10.259 34.587 2 8.03944 -73.5478
10.459 34.587 2 8.21244 -72.1776
10.659 34.587 2 8.38664 -72.8333
10.859 34.587 2 8.56196 -72.6802
11.059 34.587 2 8.73835 -74.4271
3.459 34.787 2 4.27924 -90.4498
3.659 34.787 2 4.28992 -96.2215
3.859 34.787 2 4.30986 -89.3693
4.059 34.787 2 4.33894 -78.0262
4.259 34.787 2 4.37698 -79.1499
4.459 34.787 2 4.42374 -80.0049
4.659 34.787 2 4.47895 -83.3207
4.859 34.787 2 4.5423 -84.9829
5.059 34.787 2 4.61346 -87.2514
5.259 34.787 2 4.69207 -81.401
5.459 34.787 2 4.77777 -78.2877
5.659 34.787 2 4.87017 -70.5514
5.859 34.787 2 4.96892 -69.7685
6.059 34.787 2 5.07362 -70.2092
6.259 34.787 2 5.18393 -67.0844
6.459 34.787 2 5.2995 -70.6105
6.659 34.787 2 5.41998 -67.6652
6.859 34.787 2 5.54506 -66.3965
7.059 34.787 2 5.67444 -65.501
7.259 34.787 2 5.80782 -66.7759
7.459 34.787 2 5.94494 -67.425
7.659 34.787 2 6.08554 -68.5449
7.859 34.787 2 6.22939 -69.6924
8.059 34.787 2 6.37627 -68.877
8.259 34.787 2 6.52598 -69.1638
8.459 34.787 2 6.67831 -69.4255
8.659 34.787 2 6.83311 -70.3616
8.859 34.787 2 6.9902 -70.5694
9.059 34.787 2 7.14944 -68.2522
9.259 34.787 2 7.31067 -69.9176
9.459 34.787 2 7.47379 -73.0213
9.659 34.787 2 7.63865 -72.9255
9.859 34.787 2 7.80516 -71.1705
10.059 34.787 2 7.97321 -71.5728
10.259 34.787 2 8.1427 -72.0258
10.459 34.787 2 8.31355 -71.9479
10.659 34.787 2 8.48567 -77.6402
10.859 34.787 2 8.65899 -69.5745
11.059 34.787 2 8.83344 -70.9005
3.459 34.987 2 4.47915 -101.723
3.659 34.987 2 4.48936 -91.8685
3.859 34.987 2 4.50842 -100.993
4.059 34.987 2 4.53623 -77.3961
4.259 34.987 2 4.57262 -84.2031
4.459 34.987 2 4.6174 -87.7196
4.659 34.987 2 4.67032 -86.7519
4.859 34.987 2 4.73111 -80.5045
5.059 34.987 2 4.79948 -80.1654
5.259 34.987 2 4.87509 -85.9516
5.459 34.987 2 4.95762 -82.5121
5.659 34.987 2 5.04673 -73.2013
5.859 34.987 2 5.14209 -71.6908
6.059 34.987 2 5.24334 -73.7548
6.259 34.987 2 5.35015 -68.0796
6.459 34.987 2 5.4622 -67.5246
6.659 34.987 2 5.57917 -68.1108
6.859 34.987 2 5.70076 -67.6479
7.059 34.987 2 5.82668 -65.4582
7.259 34.987 2 5.95665 -68.0165
7.459 34.987 2 6.09042 -68.2441
7.659 34.987 2 6.22774 -68.5135
7.859 34.987 2 6.36838 -70.3822
8.059 34.987 2 6.51212 -69.0478
8.259 34.987 2 6.65877 -68.5081
8.459 34.987 2 6.80814 -69.176
8.659 34.987 2 6.96005 -70.4538
8.859 34.987 2 7.11434 -73.7841
9.059 34.987 2 7.27086 -71.3456
9.259 34.987 2 7.42946 -68.8185
9.459 34.987 2 7.59002 -68.7209
9.659 34.987 2 7.75241 -78.2411
9.859 34.987 2 7.91653 -76.7282
10.059 34.987 2 8.08226 -70.6148
10.259 34.987 2 8.24951 -72.7481
10.459 34.987 2 8.41819 -73.0313
10.659 34.987 2 8.58822 -76.8206
10.859 34.987 2 8.75951 -73.0014
11.059 34.987 2 8.932 -74.9368
3.459 35.187 2 4.67907 -106.322
3.659 35.187 2 4.68884 -93.5793
3.859 35.187 2 4.7071 -91.7985
4.059 35.187 2 4.73374 -76.5939
4.259 35.187 2 4.76863 -84.5019
4.459 35.187 2 4.81158 -83.4198
4.659 35.187 2 4.86239 -80.917
4.859 35.187 2 4.92081 -78.5893
5.059 35.187 2 4.98657 -77.2297
5.259 35.187 2 5.05939 -77.6178
5.459 35.187 2 5.13896 -79.6501
5.659 35.187 2 5.22498 -76.1713
5.859 35.187 2 5.31714 -72.9576
6.059 35.187 2 5.41512 -73.5849
6.259 35.187 2 5.51861 -72.4177
6.459 35.187 2 5.6273 -68.295
6.659 35.187 2 5.74091 -68.1753
6.859 35.187 2 5.85914 -68.5144
7.059 35.187 2 5.98173 -68.1872
7.259 35.187 2 6.1084 -68.7223
7.459 35.187 2 6.23892 -68.1463
7.659 35.187 2 6.37304 -68.0033
7.859 35.187 2 6.51054 -69.1804
8.059 35.187 2 6.65122 -70.5623
8.259 35.187 2 6.79487 -71.1481
8.459 35.187 2 6.94131 -73.6422
8.659 35.187 2 7.09036 -67.4605
8.859 35.187 2 7.24188 -69.2188
9.059 35.187 2 7.39569 -69.7596
9.259 35.187 2 7.55168 -71.8987
9.459 35.187 2 7.70969 -68.8195
9.659 35.187 2 7.86962 -68.0418
9.859 35.187 2 8.03134 -75.8248
10.059 35.187 2 8.19475 -76.5008
10.259 35.187 2 8.35975 -71.4379
10.459 35.187 2 8.52625 -72.7107
10.659 35.187 2 8.69416 -67.7096
10.859 35.187 2 8.86341 -78.8239
11.059 35.187 2 9.03391 -82.4302
3.459 35.387 2 4.879 -97.7314
3.659 35.387 2 4.88837 -85.1927
3.859 35.387 2 4.90588 -90.8982
4.059 35.387 2 4.93145 -78.2929
4.259 35.387 2 4.96495 -101.891
4.459 35.387 2 5.00622 -79.9743
4.659 35.387 2 5.05507 -87.0276
4.859 35.387 2 5.11129 -95.9433
5.059 35.387 2 5.17463 -80.1246
5.259 35.387 2 5.24484 -86.4231
5.459 35.387 2 5.32164 -81.0848
5.659 35.387 2 5.40475 -79.0011
5.859 35.387 2 5.49389 -78.2788
6.059 35.387 2 5.58877 -74.0592
6.259 35.387 2 5.68911 -75.2004
6.459 35.387 2 5.7946 -68.6435
6.659 35.387 2 5.90499 -69.9223
6.859 35.387 2 6.02001 -70.3257
7.059 35.387 2 6.13938 -70.1935
7.259 35.387 2 6.26287 -67.9137
7.459 35.387 2 6.39023 -67.238
7.659 35.387 2 6.52124 -68.9213
7.859 35.387 2 6.65568 -67.7913
8.059 35.387 2 6.79335 -70.7191
8.259 35.387 2 6.93406 -71.0247
8.459 35.387 2 7.07762 -70.7363
8.659 35.387 2 7.22386 -71.0469
8.859 35.387 2 7.37263 -74.6686
9.059 35.387 2 7.52378 -69.6331
9.259 35.387 2 7.67716 -71.1392
9.459 35.387 2 7.83264 -76.5652
9.659 35.387 2 7.9901 -68.5232
9.859 35.387 2 8.14943 -68.0658
10.059 35.387 2 8.31052 -73.7586
10.259 35.387 2 8.47327 -74.082
10.459 35.387 2 8.63758 -73.9375
10.659 35.387 2 8.80337 -70.1439
10.859 35.387 2 8.97056 -72.7265
11.059 35.387 2 9.13906 -73.5312
3.459 35.587 2 5.07893 -90.1659
3.659 35.587 2 5.08793 -88.0007
3.859 35.587 2 5.10476 -87.8329
4.059 35.587 2 5.12934 -79.3236
4.259 35.587 2 5.16155 -84.1378
4.459 35.587 2 5.20127 -88.4772
4.659 35.587 2 5.2483 -92.8281
4.859 35.587 2 5.30247 -83.4534
5.059 35.587 2 5.36355 -82.0149
5.259 35.587 2 5.43132 -83.6494
5.459 35.587 2 5.50552 -82.8403
5.659 35.587 2 5.5859 -75.0414
5.859 35.587 2 5.6722 -79.0895
6.059 35.587 2 5.76414 -74.2117
6.259 35.587 2 5.86147 -77.6415
6.459 35.587 2 5.96392 -71.7585
6.659 35.587 2 6.07123 -72.2658
6.859 35.587 2 6.18315 -70.982
7.059 35.587 2 6.29944 -71.4302
7.259 35.587 2 6.41985 -68.7755
7.459 35.587 2 6.54415 -67.3357
7.659 35.587 2 6.67214 -66.7322
7.859 35.587 2 6.8036 -68.6985
8.059 35.587 2 6.93834 -67.6107
8.259 35.587 2 7.07616 -71.4659
8.459 35.587 2 7.21689 -72.5797
8.659 35.587 2 7.36037 -69.4941
8.859 35.587 2 7.50644 -72.7428
9.059 35.587 2 7.65494 -71.6018
9.259 35.587 2 7.80574 -69.7229
9.459 35.587 2 7.95872 -71.9743
9.659 35.587 2 8.11373 -74.6064
9.859 35.587 2 8.27068 -70.3847
10.059 35.587 2 8.42946 -67.4556
10.259 35.587 2 8.58995 -75.746
10.459 35.587 2 8.75207 -72.9291
10.659 35.587 2 8.91573 -77.1021
10.859 35.587 2 9.08085 -73.1312
11.059 35.587 2 9.24734 -72.5334
3.459 35.787 2 5.27887 -92.9595
3.659 35.787 2 5.28753 -98.878
3.859 35.787 2 5.30373 -82.4847
4.059 35.787 2 5.32739 -78.1407
4.259 35.787 2 5.35841 -86.8045
4.459 35.787 2 5.39667 -98.6374
4.659 35.787 2 5.44202 -87.6654
4.859 35.787 2 5.49428 -96.2433
5.059 35.787 2 5.55326 -85.9378
5.259 35.787 2 5.61873 -84.155
5.459 35.787 2 5.69049 -85.8667
5.659 35.787 2 5.76829 -79.8378
5.859 35.787 2 5.8519 -80.9384
6.059 35.787 2 5.94106 -74.8097
6.259 35.787 2 6.03554 -77.1834
6.459 35.787 2 6.13509 -75.8237
6.659 35.787 2 6.23946 -67.5364
6.859 35.787 2 6.34841 -73.2933
7.059 35.787 2 6.46172 -68.4736
7.259 35.787 2 6.57916 -70.6392
7.459 35.787 2 6.70051 -67.4585
7.659 35.787 2 6.82557 -68.32
7.859 35.787 2 6.95413 -68.7876
8.059 35.787 2 7.086 -67.1616
8.259 35.787 2 7.22101 -70.6843
8.459 35.787 2 7.35897 -68.8883
8.659 35.787 2 7.49973 -72.113
8.859 35.787 2 7.64314 -72.3849
9.059 35.787 2 7.78903 -69.46
9.259 35.787 2 7.93729 -71.9697
9.459 35.787 2 8.08777 -70.3899
9.659 35.787 2 8.24036 -74.0494
9.859 35.787 2 8.39495 -73.7491
10.059 35.787 2 8.55141 -70.2988
10.259 35.787 2 8.70966 -69.8675
10.459 35.787 2 8.86959 -73.0831
10.659 35.787 2 9.03112 -69.6257
10.859 35.787 2 9.19417 -74.8826
11.059 35.787 2 9.35865 -86.8505
3.459 35.987 2 5.47881 -86.9801
3.659 35.987 2 5.48716 -90.3434
3.859 35.987 2 5.50277 -86.3633
4.059 35.987 2 5.52557 -83.1787
4.259 35.987 2 5.55549 -86.1601
4.459 35.987 2 5.59241 -98.1584
4.659 35.987 2 5.63618 -86.6735
4.859 35.987 2 5.68665 -83.6814
5.059 35.987 2 5.74365 -83.7924
5.259 35.987 2 5.80699 -89.9863
5.459 35.987 2 5.87644 -90.3116
5.659 35.987 2 5.95182 -83.5157
5.859 35.987 2 6.03288 -78.8932
6.059 35.987 2 6.11941 -79.5259
6.259 35.987 2 6.21117 -77.441
6.459 35.987 2 6.30795 -79.2942
6.659 35.987 2 6.4095 -69.3686
6.859 35.987 2 6.51562 -71.0693
7.059 35.987 2 6.62607 -69.4831
7.259 35.987 2 6.74064 -69.9132
7.459 35.987 2 6.85914 -71.7561
7.659 35.987 2 6.98136 -68.0926
7.859 35.987 2 7.1071 -67.3421
8.059 35.987 2 7.23618 -69.2774
8.259 35.987 2 7.36844 -68.3484
8.459 35.987 2 7.50369 -68.5927
8.659 35.987 2 7.64179 -69.9227
8.859 35.987 2 7.78257 -71.4594
9.059 35.987 2 7.9259 -73.8577
9.259 35.987 2 8.07165 -70.7869
9.459 35.987 2 8.21967 -70.8419
9.659 35.987 2 8.36986 -69.4156
9.859 35.987 2 8.52209 -72.2628
10.059 35.987 2 8.67626 -72.3397
10.259 35.987 2 8.83228 -71.3362
10.459 35.987 2 8.99003 -71.5489
10.659 35.987 2 9.14943 -69.9929
10.859 35.987 2 9.31041 -73.0288
11.059 35.987 2 9.47286 -74.1119
3.459 36.187 2 5.67876 -99.0218
3.659 36.187 2 5.68681 -94.2503
3.859 36.187 2 5.70187 -87.637
4.059 36.187 2 5.72389 -82.7143
4.259 36.187 2 5.75277 -98.4877
4.459 36.187 2 5.78843 -92.1007
4.659 36.187 2 5.83073 -95.7483
4.859 36.187 2 5.87954 -95.2484
5.059 36.187 2 5.93468 -89.6614
5.259 36.187 2 5.996 -93.646
5.459 36.187 2 6.06329 -95.5347
5.659 36.187 2 6.13637 -86.0332
5.859 36.187 2 6.21503 -79.3301
6.059 36.187 2 6.29905 -75.6235
6.259 36.187 2 6.38824 -77.0577
6.459 36.187 2 6.48237 -79.175
6.659 36.187 2 6.58123 -74.4297
6.859 36.187 2 6.68462 -68.7623
7.059 36.187 2 6.79233 -74.8678
7.259 36.187 2 6.90414 -70.2709
7.459 36.187 2 7.01988 -72.9762
7.659 36.187 2 7.13934 -68.0735
7.859 36.187 2 7.26235 -68.7018
8.059 36.187 2 7.38873 -68.8502
8.259 36.187 2 7.5183 -68.63
8.459 36.187 2 7.6509 -68.5039
8.659 36.187 2 7.78639 -70.4993
8.859 36.187 2 7.9246 -71.1805
9.059 36.187 2 8.06541 -71.3984
9.259 36.187 2 8.20868 -70.1304
9.459 36.187 2 8.35428 -73.3582
9.659 36.187 2 8.50208 -72.837
9.859 36.187 2 8.65199 -70.3383
10.059 36.187 2 8.80389 -71.6844
10.259 36.187 2 8.95768 -71.5445
10.459 36.187 2 9.11326 -72.1999
10.659 36.187 2 9.27055 -73.67
10.859 36.187 2 9.42945 -71.8767
11.059 36.187 2 9.58989 -74.8014
3.459 36.387 2 5.87871 -95.6375
3.659 36.387 2 5.88649 -88.4152
3.859 36.387 2 5.90104 -92.5606
4.059 36.387 2 5.92231 -84.7037
4.259 36.387 2 5.95024 -87.1753
4.459 36.387 2 5.98472 -94.258
4.659 36.387 2 6.02564 -108.723
4.859 36.387 2 6.07288 -92.9956
5.059 36.387 2 6.12629 -86.5007
5.259 36.387 2 6.1857 -85.713
5.459 36.387 2 6.25096 -80.2434
5.659 36.387 2 6.32186 -84.8344
5.859 36.387 2 6.39824 -81.3207
6.059 36.387 2 6.47989 -75.8661
6.259 36.387 2 6.56662 -74.2788
6.459 36.387 2 6.65823 -74.0548
6.659 36.387 2 6.75452 -77.4272
6.859 36.387 2 6.8553 -77.5492
7.059 36.387 2 6.96036 -71.8982
7.259 36.387 2 7.06952 -72.0832
7.459 36.387 2 7.18259 -67.7778
7.659 36.387 2 7.29939 -74.216
7.859 36.387 2 7.41975 -68.6689
8.059 36.387 2 7.54349 -69.6763
8.259 36.387 2 7.67044 -69.2329
8.459 36.387 2 7.80046 -68.6169
8.659 36.387 2 7.9334 -68.6822
8.859 36.387 2 8.06909 -70.8679
9.059 36.387 2 8.20742 -70.5957
9.259 36.387 2 8.34825 -76.9188
9.459 36.387 2 8.49146 -70.1637
9.659 36.387 2 8.63692 -74.095
9.859 36.387 2 8.78453 -71.1943
10.059 36.387 2 8.93417 -71.05
10.259 36.387 2 9.08575 -71.5482
10.459 36.387 2 9.23918 -77.2199
10.659 36.387 2 9.39436 -74.7418
10.859 36.387 2 9.5512 -69.8419
11.059 36.387 2 9.70963 -75.7883
3.459 36.587 2 6.07866 -94.2386
3.659 36.587 2 6.08619 -87.6573
3.859 36.587 2 6.10026 -97.789
4.059 36.587 2 6.12084 -83.7409
4.259 36.587 2 6.14786 -101.393
4.459 36.587 2 6.18124 -95.1921
4.659 36.587 2 6.22087 -81.0584
4.859 36.587 2 6.26664 -76.233
5.059 36.587 2 6.31841 -85.5763
5.259 36.587 2 6.37604 -91.0029
5.459 36.587 2 6.43936 -84.2211
5.659 36.587 2 6.50822 -90.1902
5.859 36.587 2 6.58243 -81.753
6.059 36.587 2 6.66183 -83.5168
6.259 36.587 2 6.74622 -73.7782
6.459 36.587 2 6.83542 -80.138
6.659 36.587 2 6.92925 -79.0356
6.859 36.587 2 7.02752 -79.569
7.059 36.587 2 7.13004 -71.1204
7.259 36.587 2 7.23665 -68.2746
7.459 36.587 2 7.34715 -73.1304
7.659 36.587 2 7.46137 -92.2222
7.859 36.587 2 7.57916 -73.0098
8.059 36.587 2 7.70033 -68.3871
8.259 36.587 2 7.82475 -69.4789
8.459 36.587 2 7.95224 -69.4752
8.659 36.587 2 8.08268 -67.4538
8.859 36.587 2 8.21591 -69.4914
9.059 36.587 2 8.35181 -72.2553
9.259 36.587 2 8.49024 -71.0824
9.459 36.587 2 8.63109 -72.0351
9.659 36.587 2 8.77424 -70.1364
9.859 36.587 2 8.91957 -75.3005
10.059 36.587 2 9.06699 -71.8608
10.259 36.587 2 9.21639 -73.6673
10.459 36.587 2 9.36768 -69.9392
10.659 36.587 2 9.52076 -98.7425
10.859 36.587 2 9.67556 -72.4302
11.059 36.587 2 9.83198 -69.2614
3.459 36.787 2 6.27862 -88.8721
3.659 36.787 2 6.2859 -87.1334
3.859 36.787 2 6.29953 -98.0969
4.059 36.787 2 6.31947 -81.9397
4.259 36.787 2 6.34564 -81.1735
4.459 36.787 2 6.37798 -79.741
4.659 36.787 2 6.4164 -90.3001
4.859 36.787 2 6.46078 -83.5483
5.059 36.787 2 6.51101 -91.8021
5.259 36.787 2 6.56694 -91.114
5.459 36.787 2 6.62844 -83.9991
5.659 36.787 2 6.69536 -84.2417
5.859 36.787 2 6.76752 -83.5823
6.059 36.787 2 6.84477 -82.991
6.259 36.787 2 6.92693 -79.8199
6.459 36.787 2 7.01383 -76.6009
6.659 36.787 2 7.10531 -74.5815
6.859 36.787 2 7.20117 -77.862
7.059 36.787 2 7.30126 -83.3888
7.259 36.787 2 7.4054 -72.6427
7.459 36.787 2 7.51342 -73.0843
7.659 36.787 2 7.62516 -72.5088
7.859 36.787 2 7.74045 -72.1924
8.059 36.787 2 7.85914 -70.7072
8.259 36.787 2 7.98108 -69.5845
8.459 36.787 2 8.10611 -67.3706
8.659 36.787 2 8.23411 -70.6496
8.859 36.787 2 8.36493 -67.6025
9.059 36.787 2 8.49845 -70.9267
9.259 36.787 2 8.63453 -69.2736
9.459 36.787 2 8.77307 -72.0514
9.659 36.787 2 8.91393 -71.0362
9.859 36.787 2 9.05703 -71.8355
10.059 36.787 2 9.20224 -71.1932
10.259 36.787 2 9.34948 -75.3595
10.459 36.787 2 9.49865 -73.3176
10.659 36.787 2 9.64965 -72.9056
10.859 36.787 2 9.80241 -73.3317
11.059 36.787 2 9.95685 -73.9117
3.459 36.987 2 6.47858 -92.3279
3.659 36.987 2 6.48564 -86.8416
3.859 36.987 2 6.49885 -103.009
4.059 36.987 2 6.51817 -81.9145
4.259 36.987 2 6.54355 -90.648
4.459 36.987 2 6.57492 -85.615
4.659 36.987 2 6.61219 -83.9386
4.859 36.987 2 6.65527 -86.7778
5.059 36.987 2 6.70404 -89.1821
5.259 36.987 2 6.75838 -88.2967
5.459 36.987 2 6.81815 -82.4759
5.659 36.987 2 6.88322 -83.332
5.859 36.987 2 6.95343 -80.1407
6.059 36.987 2 7.02864 -81.8106
6.259 36.987 2 7.10868 -84.1855
6.459 36.987 2 7.19339 -79.1984
6.659 36.987 2 7.2826 -77.8855
6.859 36.987 2 7.37617 -79.5275
7.059 36.987 2 7.47391 -78.7852
7.259 36.987 2 7.57568 -73.5255
7.459 36.987 2 7.6813 -72.4281
7.659 36.987 2 7.79063 -70.6072
7.859 36.987 2 7.90351 -72.0177
8.059 36.987 2 8.01979 -73.3452
8.259 36.987 2 8.13932 -68.4787
8.459 36.987 2 8.26196 -71.1159
8.659 36.987 2 8.38758 -67.9856
8.859 36.987 2 8.51605 -68.0157
9.059 36.987 2 8.64723 -69.8735
9.259 36.987 2 8.78101 -74.6161
9.459 36.987 2 8.91726 -70.7181
9.659 36.987 2 9.05589 -71.1671
9.859 36.987 2 9.19677 -69.843
10.059 36.987 2 9.33982 -71.7951
10.259 36.987 2 9.48492 -73.296
10.459 36.987 2 9.63199 -72.796
10.659 36.987 2 9.78094 -74.5206
10.859 36.987 2 9.93168 -76.3188
11.059 36.987 2 10.0841 -72.7267
3.459 37.187 2 6.67854 -94.1966
3.659 37.187 2 6.68539 -91.696
3.859 37.187 2 6.69821 -104.021
4.059 37.187 2 6.71695 -85.0371
4.259 37.187 2 6.74159 -92.1279
4.459 37.187 2 6.77204 -83.6397
4.659 37.187 2 6.80823 -89.559
4.859 37.187 2 6.85008 -84.1173
5.059 37.187 2 6.89747 -81.4049
5.259 37.187 2 6.95029 -80.4097
5.459 37.187 2 7.00843 -79.6105
5.659 37.187 2 7.07175 -95.0947
5.859 37.187 2 7.14011 -86.8398
6.059 37.187 2 7.21337 -77.928
6.259 37.187 2 7.29138 -82.3599
6.459 37.187 2 7.37399 -78.9441
6.659 37.187 2 7.46105 -77.9562
6.859 37.187 2 7.5524 -79.2852
7.059 37.187 2 7.64789 -80.8291
7.259 37.187 2 7.74737 -74.2338
7.459 37.187 2 7.85069 -70.9368
7.659 37.187 2 7.95769 -71.592
7.859 37.187 2 8.06823 -72.0417
8.059 37.187 2 8.18217 -70.7703
8.259 37.187 2 8.29936 -70.5687
8.459 37.187 2 8.41967 -68.1331
8.659 37.187 2 8.54298 -72.1322
8.859 37.187 2 8.66914 -71.0316
9.059 37.187 2 8.79804 -69.9214
9.259 37.187 2 8.92956 -67.972
9.459 37.187 2 9.06358 -71.9568
9.659 37.187 2 9.2 -70.7858
9.859 37.187 2 9.33871 -72.1343
10.059 37.187 2 9.47961 -73.5661
10.259 37.187 2 9.62261 -70.914
10.459 37.187 2 9.76761 -81.9427
10.659 37.187 2 9.91452 -69.5164
10.859 37.187 2 10.0633 -75.2612
11.059 37.187 2 10.2137 -70.2387
3.459 37.387 2 6.87851 -93.4616
3.659 37.387 2 6.88516 -97.9216
3.859 37.387 2 6.8976 -100.773
4.059 37.387 2 6.91581 -87.6937
4.259 37.387 2 6.93973 -94.2259
4.459 37.387 2 6.96932 -91.4007
4.659 37.387 2 7.0045 -90.7029
4.859 37.387 2 7.04517 -81.9826
5.059 37.387 2 7.09126 -88.8288
5.259 37.387 2 7.14265 -86.3253
5.459 37.387 2 7.19924 -90.7392
5.659 37.387 2 7.26089 -79.3797
5.859 37.387 2 7.32749 -79.5404
6.059 37.387 2 7.39889 -78.7202
6.259 37.387 2 7.47497 -76.9293
6.459 37.387 2 7.55557 -77.49
6.659 37.387 2 7.64056 -74.5638
6.859 37.387 2 7.72979 -75.0238
7.059 37.387 2 7.82312 -82.6458
7.259 37.387 2 7.9204 -84.6506
7.459 37.387 2 8.02149 -73.0793
7.659 37.387 2 8.12624 -71.1134
7.859 37.387 2 8.23452 -78.7506
8.059 37.387 2 8.34618 -70.5043
8.259 37.387 2 8.46111 -71.4978
8.459 37.387 2 8.57915 -72.1236
8.659 37.387 2 8.70019 -70.1626
8.859 37.387 2 8.82411 -70.9122
9.059 37.387 2 8.95078 -69.5834
9.259 37.387 2 9.08008 -69.9581
9.459 37.387 2 9.21192 -72.9347
9.659 37.387 2 9.34617 -72.9965
9.859 37.387 2 9.48275 -72.4448
10.059 37.387 2 9.62154 -73.1296
10.259 37.387 2 9.76245 -70.3757
10.459 37.387 2 9.9054 -72.6736
10.659 37.387 2 10.0503 -68.6439
10.859 37.387 2 10.1971 -73.2074
11.059 37.387 2 10.3456 -73.4578
3.459 37.587 2 7.07847 -93.4031
3.659 37.587 2 7.08493 -98.6966
3.859 37.587 2 7.09703 -100.71
4.059 37.587 2 7.11473 -90.7915
4.259 37.587 2 7.13799 -89.4369
4.459 37.587 2 7.16675 -84.205
4.659 37.587 2 7.20096 -87.244
4.859 37.587 2 7.24054 -87.7815
5.059 37.587 2 7.28539 -96.3119
5.259 37.587 2 7.33542 -84.2395
5.459 37.587 2 7.39053 -78.5071
5.659 37.587 2 7.4506 -78.9997
5.859 37.587 2 7.51552 -84.6918
6.059 37.587 2 7.58515 -96.8023
6.259 37.587 2 7.65938 -87.2463
6.459 37.587 2 7.73806 -78.2634
6.659 37.587 2 7.82107 -77.5385
6.859 37.587 2 7.90826 -75.5869
7.059 37.587 2 7.99951 -80.7964
7.259 37.587 2 8.09467 -91.122
7.459 37.587 2 8.1936 -79.9603
7.659 37.587 2 8.29618 -75.0137
7.859 37.587 2 8.40227 -72.6098
8.059 37.587 2 8.51174 -76.6055
8.259 37.587 2 8.62446 -74.8961
8.459 37.587 2 8.7403 -69.404
8.659 37.587 2 8.85914 -70.6165
8.859 37.587 2 8.98086 -73.6725
9.059 37.587 2 9.10535 -71.0254
9.259 37.587 2 9.23249 -70.5409
9.459 37.587 2 9.36218 -70.976
9.659 37.587 2 9.49431 -72.6957
9.859 37.587 2 9.62878 -72.8463
10.059 37.587 2 9.7655 -69.8156
10.259 37.587 2 9.90436 -71.8743
10.459 37.587 2 10.0453 -70.5903
10.659 37.587 2 10.1882 -70.0248
10.859 37.587 2 10.333 -75.5973
11.059 37.587 2 10.4796 -70.1875
3.459 37.787 2 7.27844 -95.753
3.659 37.787 2 7.28472 -97.681
3.859 37.787 2 7.29649 -102.257
4.059 37.787 2 7.3137 -91.7688
4.259 37.787 2 7.33633 -88.363
4.459 37.787 2 7.36432 -87.8111
4.659 37.787 2 7.39762 -90.764
4.859 37.787 2 7.43615 -92.6008
5.059 37.787 2 7.47983 -87.5956
5.259 37.787 2 7.52857 -77.9543
5.459 37.787 2 7.58227 -90.5475
5.659 37.787 2 7.64084 -105.551
5.859 37.787 2 7.70415 -78.8472
6.059 37.787 2 7.77209 -80.7922
6.259 37.787 2 7.84455 -93.8774
6.459 37.787 2 7.92139 -82.8648
6.659 37.787 2 8.0025 -81.665
6.859 37.787 2 8.08774 -76.7963
7.059 37.787 2 8.17698 -79.12
7.259 37.787 2 8.2701 -89.5522
7.459 37.787 2 8.36696 -79.1829
7.659 37.787 2 8.46744 -78.5122
7.859 37.787 2 8.57141 -77.5202
8.059 37.787 2 8.67875 -76.7772
8.259 37.787 2 8.78932 -71.7149
8.459 37.787 2 8.90302 -79.0167
8.659 37.787 2 9.01971 -76.1561
8.859 37.787 2 9.1393 -71.6128
9.059 37.787 2 9.26165 -70.7109
9.259 37.787 2 9.38668 -72.1539
9.459 37.787 2 9.51427 -73.2271
9.659 37.787 2 9.64431 -72.0582
9.859 37.787 2 9.77672 -72.2328
10.059 37.787 2 9.9114 -70.9391
10.259 37.787 2 10.0483 -74.7488
10.459 37.787 2 10.1872 -70.0928
10.659 37.787 2 10.3281 -72.8156
10.859 37.787 2 10.471 -75.5428
11.059 37.787 2 10.6157 -78.5076
