#Rx
# X(m), Y(m), Z(m), Distance(m), ReceivedPower(dBm)
1 3.459 29.187 2 1.32896 -66.708
2 3.659 29.187 2 1.36295 -70.4101
3 3.859 29.187 2 1.42449 -65.866
4 4.059 29.187 2 1.51019 -69.7842
5 4.259 29.187 2 1.61623 -76.1005
6 4.459 29.187 2 1.73889 -75.3572
7 4.659 29.187 2 1.8749 -69.044
8 4.859 29.187 2 2.02158 -80.5978
9 5.059 29.187 2 2.17676 -72.2422
10 5.259 29.187 2 2.33876 -68.1112
11 5.459 29.187 2 2.50626 -72.6147
12 5.659 29.187 2 2.67822 -68.608
13 5.859 29.187 2 2.85383 -70.4664
14 6.059 29.187 2 3.03247 -70.6048
15 6.259 29.187 2 3.21363 -72.475
16 6.459 29.187 2 3.3969 -71.9505
17 6.659 29.187 2 3.58196 -73.9968
18 6.859 29.187 2 3.76855 -72.3294
19 7.059 29.187 2 3.95645 -72.0832
20 7.259 29.187 2 4.14548 -70.5483
21 7.459 29.187 2 4.3355 -71.6352
22 7.659 29.187 2 4.52637 -74.9844
23 7.859 29.187 2 4.718 -77.796
24 8.059 29.187 2 4.9103 -72.9359
25 8.259 29.187 2 5.1032 -75.4141
26 8.459 29.187 2 5.29661 -77.6563
27 8.659 29.187 2 5.49051 -75.6699
28 8.859 29.187 2 5.68482 -73.064
29 9.059 29.187 2 5.87951 -74.7329
30 9.259 29.187 2 6.07455 -80.3224
31 9.459 29.187 2 6.26991 -76.1961
32 9.659 29.187 2 6.46554 -71.4195
33 9.859 29.187 2 6.66144 -78.5008
34 10.059 29.187 2 6.85757 -75.0551
35 10.259 29.187 2 7.05392 -77.2753
36 10.459 29.187 2 7.25047 -78.9242
37 10.659 29.187 2 7.4472 -77.342
38 10.859 29.187 2 7.64411 -76.7936
39 11.059 29.187 2 7.84117 -84.2623
40 3.459 29.387 2 1.13006 -72.3899
41 3.659 29.387 2 1.16986 -72.3116
42 3.859 29.387 2 1.241 -67.4249
43 4.059 29.387 2 1.33851 -70.374
44 4.259 29.387 2 1.4571 -75.6048
45 4.459 29.387 2 1.59206 -82.2273
46 4.659 29.387 2 1.73959 -67.7508
47 4.859 29.387 2 1.89676 -79.545
48 5.059 29.387 2 2.06136 -72.8781
49 5.259 29.387 2 2.23175 -72.3643
50 5.459 29.387 2 2.40671 -68.2327
51 5.659 29.387 2 2.5853 -64.8057
52 5.859 29.387 2 2.76682 -63.2575
53 6.059 29.387 2 2.95073 -63.4042
54 6.259 29.387 2 3.13661 -64.7647
55 6.459 29.387 2 3.32413 -64.7944
56 6.659 29.387 2 3.51303 -66.0628
57 6.859 29.387 2 3.70309 -65.346
58 7.059 29.387 2 3.89415 -65.3461
59 7.259 29.387 2 4.08607 -65.2855
60 7.459 29.387 2 4.27872 -63.6622
61 7.659 29.387 2 4.47202 -62.8589
62 7.859 29.387 2 4.66589 -64.6951
63 8.059 29.387 2 4.86025 -64.1641
64 8.259 29.387 2 5.05505 -64.8304
65 8.459 29.387 2 5.25024 -68.0816
66 8.659 29.387 2 5.44578 -70.1554
67 8.859 29.387 2 5.64164 -69.2954
68 9.059 29.387 2 5.83777 -66.6865
69 9.259 29.387 2 6.03416 -67.8967
70 9.459 29.387 2 6.23078 -72.5321
71 9.659 29.387 2 6.42761 -73.48
72 9.859 29.387 2 6.62463 -74.2093
73 10.059 29.387 2 6.82182 -72.7831
74 10.259 29.387 2 7.01917 -69.1183
75 10.459 29.387 2 7.21666 -67.8267
76 10.659 29.387 2 7.41429 -74.7578
77 10.859 29.387 2 7.61205 -75.9709
78 11.059 29.387 2 7.80992 -71.4981
79 3.459 29.587 2 0.931647 -71.2193
80 3.659 29.587 2 0.979533 -68.2761
81 3.859 29.587 2 1.06349 -59.3541
82 4.059 29.587 2 1.17581 -72.3922
83 4.259 29.587 2 1.30922 -64.7128
84 4.459 29.587 2 1.45793 -65.8404
85 4.659 29.587 2 1.61774 -71.4477
86 4.859 29.587 2 1.78567 -70.2317
87 5.059 29.587 2 1.95962 -82.7762
88 5.259 29.587 2 2.13814 -68.478
89 5.459 29.587 2 2.32017 -69.5648
90 5.659 29.587 2 2.50493 -68.7478
91 5.859 29.587 2 2.69188 -73.0159
92 6.059 29.587 2 2.88058 -72.0496
93 6.259 29.587 2 3.07071 -69.5629
94 6.459 29.587 2 3.26202 -65.5398
95 6.659 29.587 2 3.45431 -66.0219
96 6.859 29.587 2 3.64744 -67.5951
97 7.059 29.587 2 3.84127 -65.8834
98 7.259 29.587 2 4.0357 -67.4622
99 7.459 29.587 2 4.23065 -66.6185
100 7.659 29.587 2 4.42605 -68.1569
101 7.859 29.587 2 4.62184 -66.2692
102 8.059 29.587 2 4.81798 -66.0619
103 8.259 29.587 2 5.01442 -67.0835
104 8.459 29.587 2 5.21114 -67.9834
105 8.659 29.587 2 5.40809 -69.3224
106 8.859 29.587 2 5.60527 -70.1848
107 9.059 29.587 2 5.80263 -75.9413
108 9.259 29.587 2 6.00017 -82.0526
109 9.459 29.587 2 6.19787 -78.3311
110 9.659 29.587 2 6.39571 -77.5583
111 9.859 29.587 2 6.59368 -72.834
112 10.059 29.587 2 6.79177 -73.367
113 10.259 29.587 2 6.98997 -69.3807
114 10.459 29.587 2 7.18827 -73.9646
115 10.659 29.587 2 7.38666 -71.1082
116 10.859 29.587 2 7.58513 -69.2338
117 11.059 29.587 2 7.78368 -69.5813
118 3.459 29.787 2 0.734088 -73.1283
119 3.659 29.787 2 0.793981 -64.2785
120 3.859 29.787 2 0.895503 -64.6012
121 4.059 29.787 2 1.02638 -76.0184
122 4.259 29.787 2 1.17685 -83.775
123 4.459 29.787 2 1.34033 -63.5391
124 4.659 29.787 2 1.51262 -63.1989
125 4.859 29.787 2 1.69101 -69.1046
126 5.059 29.787 2 1.87378 -65.2507
127 5.259 29.787 2 2.05975 -67.7129
128 5.459 29.787 2 2.24813 -70.3824
129 5.659 29.787 2 2.43836 -66.7401
130 5.859 29.787 2 2.63004 -68.0186
131 6.059 29.787 2 2.82288 -66.3629
132 6.259 29.787 2 3.01665 -70.2606
133 6.459 29.787 2 3.21118 -75.1323
134 6.659 29.787 2 3.40635 -65.9279
135 6.859 29.787 2 3.60204 -63.6194
136 7.059 29.787 2 3.79819 -65.6366
137 7.259 29.787 2 3.99472 -66.4802
138 7.459 29.787 2 4.19157 -68.4687
139 7.659 29.787 2 4.38871 -70.589
140 7.859 29.787 2 4.5861 -68.9357
141 8.059 29.787 2 4.78371 -75.769
142 8.259 29.787 2 4.9815 -83.865
143 8.459 29.787 2 5.17947 -74.157
144 8.659 29.787 2 5.37758 -68.8766
145 8.859 29.787 2 5.57583 -65.2969
146 9.059 29.787 2 5.77421 -64.4144
147 9.259 29.787 2 5.97269 -64.9379
148 9.459 29.787 2 6.17126 -66.8451
149 9.659 29.787 2 6.36993 -67.7294
150 9.859 29.787 2 6.56868 -68.1987
151 10.059 29.787 2 6.7675 -66.2278
152 10.259 29.787 2 6.96639 -65.2475
153 10.459 29.787 2 7.16534 -67.9951
154 10.659 29.787 2 7.36435 -68.6898
155 10.859 29.787 2 7.56341 -68.6137
156 11.059 29.787 2 7.76252 -70.8748
157 3.459 29.987 2 0.538336 -64.2163
158 3.659 29.987 2 0.617515 -61.8211
159 3.859 29.987 2 0.743536 -70.3587
160 4.059 29.987 2 0.896864 -69.9282
161 4.259 29.987 2 1.06578 -62.0951
162 4.459 29.987 2 1.24395 -65.5837
163 4.659 29.987 2 1.42791 -68.4749
164 4.859 29.987 2 1.61569 -64.9041
165 5.059 29.987 2 1.80609 -60.9243
166 5.259 29.987 2 1.99837 -66.4561
167 5.459 29.987 2 2.19203 -65.8727
168 5.659 29.987 2 2.38674 -70.5177
169 5.859 29.987 2 2.58226 -68.8392
170 6.059 29.987 2 2.77841 -67.5496
171 6.259 29.987 2 2.97508 -67.8501
172 6.459 29.987 2 3.17216 -74.8254
173 6.659 29.987 2 3.36959 -69.2295
174 6.859 29.987 2 3.5673 -64.2136
175 7.059 29.987 2 3.76526 -63.7632
176 7.259 29.987 2 3.96342 -63.8703
177 7.459 29.987 2 4.16176 -71.9901
178 7.659 29.987 2 4.36024 -86.3382
179 7.859 29.987 2 4.55886 -83.1822
180 8.059 29.987 2 4.7576 -72.3176
181 8.259 29.987 2 4.95644 -71.4188
182 8.459 29.987 2 5.15537 -72.5624
183 8.659 29.987 2 5.35437 -67.3994
184 8.859 29.987 2 5.55345 -66.4013
185 9.059 29.987 2 5.7526 -65.6849
186 9.259 29.987 2 5.9518 -67.1157
187 9.459 29.987 2 6.15105 -69.3001
188 9.659 29.987 2 6.35035 -71.1695
189 9.859 29.987 2 6.54969 -75.4349
190 10.059 29.987 2 6.74907 -72.0908
191 10.259 29.987 2 6.94849 -73.638
192 10.459 29.987 2 7.14794 -79.2785
193 10.659 29.987 2 7.34742 -77.0142
194 10.859 29.987 2 7.54692 -66.7571
195 11.059 29.987 2 7.74646 -65.9752
196 3.459 30.187 2 0.347455 -59.0181
197 3.659 30.187 2 0.460701 -62.285
198 3.859 30.187 2 0.619488 -62.3581
199 4.059 30.187 2 0.797048 -59.8188
200 4.259 30.187 2 0.983263 -62.356
201 4.459 30.187 2 1.17402 -63.87
202 4.659 30.187 2 1.36742 -62.6161
203 4.859 30.187 2 1.56249 -63.1271
204 5.059 30.187 2 1.75866 -69.3651
205 5.259 30.187 2 1.95561 -60.372
206 5.459 30.187 2 2.15312 -67.1053
207 5.659 30.187 2 2.35105 -67.4516
208 5.859 30.187 2 2.54931 -73.978
209 6.059 30.187 2 2.74781 -64.76
210 6.259 30.187 2 2.94652 -69.4298
211 6.459 30.187 2 3.1454 -71.2172
212 6.659 30.187 2 3.34441 -69.5835
213 6.859 30.187 2 3.54352 -64.1421
214 7.059 30.187 2 3.74274 -62.8464
215 7.259 30.187 2 3.94203 -65.9234
216 7.459 30.187 2 4.14139 -80.5965
217 7.659 30.187 2 4.34081 -76.7108
218 7.859 30.187 2 4.54028 -71.4337
219 8.059 30.187 2 4.7398 -69.106
220 8.259 30.187 2 4.93935 -68.3869
221 8.459 30.187 2 5.13894 -67.6064
222 8.659 30.187 2 5.33856 -68.4027
223 8.859 30.187 2 5.53821 -71.237
224 9.059 30.187 2 5.73788 -74.2901
225 9.259 30.187 2 5.93758 -77.0992
226 9.459 30.187 2 6.13729 -76.0367
227 9.659 30.187 2 6.33702 -68.8129
228 9.859 30.187 2 6.53677 -64.7381
229 10.059 30.187 2 6.73653 -64.4981
230 10.259 30.187 2 6.93631 -65.3547
231 10.459 30.187 2 7.1361 -67.9665
232 10.659 30.187 2 7.3359 -69.2992
233 10.859 30.187 2 7.53571 -69.0925
234 11.059 30.187 2 7.73553 -64.7363
235 3.459 30.387 2 0.17789 -59.6296
236 3.659 30.387 2 0.350949 -55.6605
237 3.859 30.387 2 0.542849 -58.3999
238 4.059 30.387 2 0.739057 -56.3168
239 4.259 30.387 2 0.93687 -57.4481
240 4.459 30.387 2 1.13545 -58.9532
241 4.659 30.387 2 1.33445 -59.6787
242 4.859 30.387 2 1.53372 -61.8354
243 5.059 30.387 2 1.73315 -65.0657
244 5.259 30.387 2 1.9327 -64.7577
245 5.459 30.387 2 2.13233 -62.7037
246 5.659 30.387 2 2.33203 -68.8567
247 5.859 30.387 2 2.53178 -66.5363
248 6.059 30.387 2 2.73156 -65.2437
249 6.259 30.387 2 2.93137 -65.9163
250 6.459 30.387 2 3.13121 -68.1606
251 6.659 30.387 2 3.33106 -68.6119
252 6.859 30.387 2 3.53093 -65.1476
253 7.059 30.387 2 3.73082 -64.7688
254 7.259 30.387 2 3.93072 -71.8809
255 7.459 30.387 2 4.13062 -71.3911
256 7.659 30.387 2 4.33054 -63.7369
257 7.859 30.387 2 4.53046 -62.7632
258 8.059 30.387 2 4.73039 -66.0466
259 8.259 30.387 2 4.93033 -70.7669
260 8.459 30.387 2 5.13027 -74.464
261 8.659 30.387 2 5.33021 -80.7956
262 8.859 30.387 2 5.53016 -72.6524
263 9.059 30.387 2 5.73011 -68.1193
264 9.259 30.387 2 5.93007 -67.1785
265 9.459 30.387 2 6.13003 -66.0793
266 9.659 30.387 2 6.32999 -66.4282
267 9.859 30.387 2 6.52995 -66.282
268 10.059 30.387 2 6.72992 -67.7938
269 10.259 30.387 2 6.92989 -69.6997
270 10.459 30.387 2 7.12986 -78.1101
271 10.659 30.387 2 7.32983 -78.7992
272 10.859 30.387 2 7.5298 -73.3502
273 11.059 30.387 2 7.72977 -68.0669
274 3.459 30.587 2 0.150215 -33.3585
275 3.659 30.587 2 0.337764 -43.3968
276 3.859 30.587 2 0.53442 -48.5507
277 4.059 30.587 2 0.732888 -51.7519
278 4.259 30.587 2 0.932011 -54.8123
279 4.459 30.587 2 1.13144 -57.5248
280 4.659 30.587 2 1.33105 -59.17
281 4.859 30.587 2 1.53075 -60.1394
282 5.059 30.587 2 1.73053 -58.8078
283 5.259 30.587 2 1.93035 -61.9118
284 5.459 30.587 2 2.1302 -58.8286
285 5.659 30.587 2 2.33008 -65.5018
286 5.859 30.587 2 2.52998 -63.052
287 6.059 30.587 2 2.72989 -64.3976
288 6.259 30.587 2 2.92982 -63.4419
289 6.459 30.587 2 3.12975 -67.6602
290 6.659 30.587 2 3.3297 -67.9349
291 6.859 30.587 2 3.52965 -64.9133
292 7.059 30.587 2 3.7296 -67.2387
293 7.259 30.587 2 3.92956 -69.33
294 7.459 30.587 2 4.12952 -69.3919
295 7.659 30.587 2 4.32949 -63.5692
296 7.859 30.587 2 4.52946 -65.7698
297 8.059 30.587 2 4.72943 -82.5248
298 8.259 30.587 2 4.92941 -72.9339
299 8.459 30.587 2 5.12938 -67.9896
300 8.659 30.587 2 5.32936 -67.2463
301 8.859 30.587 2 5.52934 -66.9213
302 9.059 30.587 2 5.72932 -67.0428
303 9.259 30.587 2 5.9293 -68.1003
304 9.459 30.587 2 6.12929 -74.1801
305 9.659 30.587 2 6.32927 -83.623
306 9.859 30.587 2 6.52926 -73.3021
307 10.059 30.587 2 6.72924 -72.5226
308 10.259 30.587 2 6.92923 -71.0388
309 10.459 30.587 2 7.12922 -65.0204
310 10.659 30.587 2 7.32921 -64.0933
311 10.859 30.587 2 7.5292 -66.2765
312 11.059 30.587 2 7.72919 -69.5377
313 3.459 30.787 2 0.305752 -40.739
314 3.659 30.787 2 0.430122 -41.7898
315 3.859 30.787 2 0.597097 -46.0242
316 4.059 30.787 2 0.779772 -48.5166
317 4.259 30.787 2 0.969311 -51.7605
318 4.459 30.787 2 1.16236 -53.8904
319 4.659 30.787 2 1.35743 -55.3518
320 4.859 30.787 2 1.55375 -57.826
321 5.059 30.787 2 1.7509 -59.0389
322 5.259 30.787 2 1.94863 -60.8859
323 5.459 30.787 2 2.14678 -59.5976
324 5.659 30.787 2 2.34525 -66.6097
325 5.859 30.787 2 2.54396 -61.8777
326 6.059 30.787 2 2.74285 -63.4151
327 6.259 30.787 2 2.9419 -63.9708
328 6.459 30.787 2 3.14106 -67.5539
329 6.659 30.787 2 3.34033 -65.0943
330 6.859 30.787 2 3.53968 -65.1658
331 7.059 30.787 2 3.7391 -67.6637
332 7.259 30.787 2 3.93857 -68.5122
333 7.459 30.787 2 4.1381 -64.3658
334 7.659 30.787 2 4.33767 -64.4652
335 7.859 30.787 2 4.53728 -72.555
336 8.059 30.787 2 4.73692 -71.8749
337 8.259 30.787 2 4.93659 -63.606
338 8.459 30.787 2 5.13629 -63.112
339 8.659 30.787 2 5.33601 -67.3154
340 8.859 30.787 2 5.53575 -93.4096
341 9.059 30.787 2 5.73551 -72.2322
342 9.259 30.787 2 5.93528 -70.217
343 9.459 30.787 2 6.13507 -68.7682
344 9.659 30.787 2 6.33487 -67.7069
345 9.859 30.787 2 6.53469 -66.9519
346 10.059 30.787 2 6.73451 -68.29
347 10.259 30.787 2 6.93435 -74.6791
348 10.459 30.787 2 7.13419 -75.4776
349 10.659 30.787 2 7.33404 -78.0693
350 10.859 30.787 2 7.53391 -77.0924
351 11.059 30.787 2 7.73377 -66.8946
352 3.459 30.987 2 0.494373 -46.8956
353 3.659 30.987 2 0.57959 -44.9753
354 3.859 30.987 2 0.712351 -45.9815
355 4.059 30.987 2 0.871186 -48.0903
356 4.259 30.987 2 1.04426 -50.9169
357 4.459 30.987 2 1.22556 -52.4727
358 4.659 30.987 2 1.41192 -54.154
359 4.859 30.987 2 1.60158 -55.1364
360 5.059 30.987 2 1.79348 -57.403
361 5.259 30.987 2 1.98698 -60.2471
362 5.459 30.987 2 2.18165 -60.4833
363 5.659 30.987 2 2.37721 -63.031
364 5.859 30.987 2 2.57345 -60.1259
365 6.059 30.987 2 2.77023 -63.3778
366 6.259 30.987 2 2.96744 -62.8237
367 6.459 30.987 2 3.165 -63.72
368 6.659 30.987 2 3.36284 -63.5313
369 6.859 30.987 2 3.56093 -68.1952
370 7.059 30.987 2 3.75922 -68.1627
371 7.259 30.987 2 3.95769 -65.1321
372 7.459 30.987 2 4.1563 -65.6116
373 7.659 30.987 2 4.35503 -65.8164
374 7.859 30.987 2 4.55388 -71.253
375 8.059 30.987 2 4.75283 -65.7913
376 8.259 30.987 2 4.95186 -63.7376
377 8.459 30.987 2 5.15096 -69.2663
378 8.659 30.987 2 5.35013 -74.9118
379 8.859 30.987 2 5.54936 -65.7024
380 9.059 30.987 2 5.74865 -63.0886
381 9.259 30.987 2 5.94798 -64.9633
382 9.459 30.987 2 6.14736 -71.9057
383 9.659 30.987 2 6.34677 -76.7521
384 9.859 30.987 2 6.54622 -72.7983
385 10.059 30.987 2 6.74571 -73.2433
386 10.259 30.987 2 6.94522 -72.1772
387 10.459 30.987 2 7.14476 -66.8516
388 10.659 30.987 2 7.34433 -66.0161
389 10.859 30.987 2 7.54391 -68.1429
390 11.059 30.987 2 7.74352 -69.0044
391 3.459 31.187 2 0.689438 -51.0388
392 3.659 31.187 2 0.752891 -48.582
393 3.859 31.187 2 0.859281 -48.5478
394 4.059 31.187 2 0.994929 -49.9826
395 4.259 31.187 2 1.14952 -50.7503
396 4.459 31.187 2 1.31641 -52.5118
397 4.659 31.187 2 1.49146 -52.9003
398 4.859 31.187 2 1.67211 -54.1724
399 5.059 31.187 2 1.85674 -56.6632
400 5.259 31.187 2 2.04426 -58.8865
401 5.459 31.187 2 2.23395 -60.1596
402 5.659 31.187 2 2.42529 -58.3521
403 5.859 31.187 2 2.61793 -59.2658
404 6.059 31.187 2 2.8116 -62.0352
405 6.259 31.187 2 3.00609 -61.0572
406 6.459 31.187 2 3.20127 -64.6973
407 6.659 31.187 2 3.39701 -63.5085
408 6.859 31.187 2 3.59321 -65.8227
409 7.059 31.187 2 3.78981 -67.0567
410 7.259 31.187 2 3.98675 -67.6575
411 7.459 31.187 2 4.18398 -71.8064
412 7.659 31.187 2 4.38147 -67.4161
413 7.859 31.187 2 4.57917 -66.0781
414 8.059 31.187 2 4.77706 -67.6218
415 8.259 31.187 2 4.97512 -76.54
416 8.459 31.187 2 5.17333 -69.7813
417 8.659 31.187 2 5.37167 -66.7632
418 8.859 31.187 2 5.57013 -67.2124
419 9.059 31.187 2 5.7687 -73.7132
420 9.259 31.187 2 5.96736 -83.6465
421 9.459 31.187 2 6.16611 -70.3668
422 9.659 31.187 2 6.36494 -66.999
423 9.859 31.187 2 6.56384 -66.1965
424 10.059 31.187 2 6.7628 -72.8013
425 10.259 31.187 2 6.96183 -77.6334
426 10.459 31.187 2 7.1609 -71.7393
427 10.659 31.187 2 7.36003 -75.8841
428 10.859 31.187 2 7.5592 -78.8281
429 11.059 31.187 2 7.75842 -71.3583
430 3.459 31.387 2 0.886704 -53.6966
431 3.659 31.387 2 0.936891 -51.4158
432 3.859 31.387 2 1.02435 -50.1403
433 4.059 31.387 2 1.14053 -50.0103
434 4.259 31.387 2 1.27762 -50.7882
435 4.459 31.387 2 1.42963 -52.5965
436 4.659 31.387 2 1.59228 -54.3127
437 4.859 31.387 2 1.76264 -54.8685
438 5.059 31.387 2 1.93866 -55.2134
439 5.259 31.387 2 2.11894 -56.4356
440 5.459 31.387 2 2.30249 -58.4868
441 5.659 31.387 2 2.48857 -58.3532
442 5.859 31.387 2 2.67666 -59.5338
443 6.059 31.387 2 2.86636 -58.7706
444 6.259 31.387 2 3.05737 -61.0589
445 6.459 31.387 2 3.24947 -62.2149
446 6.659 31.387 2 3.44246 -61.741
447 6.859 31.387 2 3.63622 -65.2976
448 7.059 31.387 2 3.83061 -62.5844
449 7.259 31.387 2 4.02556 -64.5205
450 7.459 31.387 2 4.22098 -63.9917
451 7.659 31.387 2 4.4168 -65.5244
452 7.859 31.387 2 4.61299 -65.5856
453 8.059 31.387 2 4.80949 -66.5367
454 8.259 31.387 2 5.00627 -64.6901
455 8.459 31.387 2 5.20329 -65.0258
456 8.659 31.387 2 5.40053 -68.0211
457 8.859 31.387 2 5.59797 -70.3243
458 9.059 31.387 2 5.79559 -65.1303
459 9.259 31.387 2 5.99336 -64.1492
460 9.459 31.387 2 6.19127 -66.197
461 9.659 31.387 2 6.38932 -71.6854
462 9.859 31.387 2 6.58748 -79.4105
463 10.059 31.387 2 6.78575 -71.0213
464 10.259 31.387 2 6.98412 -67.7506
465 10.459 31.387 2 7.18258 -67.4025
466 10.659 31.387 2 7.38112 -71.3157
467 10.859 31.387 2 7.57974 -71.7968
468 11.059 31.387 2 7.77843 -78.1287
469 3.459 31.587 2 1.08497 -57.136
470 3.659 31.587 2 1.12636 -54.7579
471 3.859 31.587 2 1.20008 -53.6238
472 4.059 31.587 2 1.30066 -80.9916
473 4.259 31.587 2 1.42241 -54.4641
474 4.459 31.587 2 1.56037 -54.499
475 4.659 31.587 2 1.71064 -55.5971
476 4.859 31.587 2 1.87024 -57.7073
477 5.059 31.587 2 2.03699 -58.7438
478 5.259 31.587 2 2.20926 -59.1088
479 5.459 31.587 2 2.38587 -60.0367
480 5.659 31.587 2 2.56591 -61.8642
481 5.859 31.587 2 2.74871 -61.3381
482 6.059 31.587 2 2.93376 -63.8315
483 6.259 31.587 2 3.12065 -67.9593
484 6.459 31.587 2 3.30907 -68.0494
485 6.659 31.587 2 3.49878 -73.5229
486 6.859 31.587 2 3.68958 -67.2122
487 7.059 31.587 2 3.8813 -67.1603
488 7.259 31.587 2 4.07382 -66.8266
489 7.459 31.587 2 4.26703 -72.0482
490 7.659 31.587 2 4.46084 -68.0526
491 7.859 31.587 2 4.65517 -67.7743
492 8.059 31.587 2 4.84996 -66.7181
493 8.259 31.587 2 5.04516 -67.8765
494 8.459 31.587 2 5.24072 -70.3491
495 8.659 31.587 2 5.43661 -68.3024
496 8.859 31.587 2 5.63278 -64.2123
497 9.059 31.587 2 5.82921 -65.7469
498 9.259 31.587 2 6.02588 -74.8239
499 9.459 31.587 2 6.22276 -68.3767
500 9.659 31.587 2 6.41984 -65.317
501 9.859 31.587 2 6.61708 -63.9019
502 10.059 31.587 2 6.81449 -66.8325
503 10.259 31.587 2 7.01205 -69.6608
504 10.459 31.587 2 7.20974 -70.5818
505 10.659 31.587 2 7.40756 -72.2553
506 10.859 31.587 2 7.60549 -70.4922
507 11.059 31.587 2 7.80352 -70.0912
508 3.459 31.787 2 1.28378 -90.4739
509 3.659 31.787 2 1.31894 -87.9844
510 3.859 31.787 2 1.38243 -87.2469
511 4.059 31.787 2 1.47059 -56.3673
512 4.259 31.787 2 1.57929 -55.3081
513 4.459 31.787 2 1.70461 -55.2456
514 4.659 31.787 2 1.84315 -57.4834
515 4.859 31.787 2 1.99217 -57.3173
516 5.059 31.787 2 2.14948 -59.8244
517 5.259 31.787 2 2.31339 -59.5577
518 5.459 31.787 2 2.4826 -60.7249
519 5.659 31.787 2 2.65609 -61.8409
520 5.859 31.787 2 2.83308 -63.8298
521 6.059 31.787 2 3.01295 -64.1652
522 6.259 31.787 2 3.19521 -65.027
523 6.459 31.787 2 3.37948 -67.4999
524 6.659 31.787 2 3.56545 -66.07
525 6.859 31.787 2 3.75286 -68.3356
526 7.059 31.787 2 3.9415 -69.1126
527 7.259 31.787 2 4.13122 -72.9822
528 7.459 31.787 2 4.32186 -69.5793
529 7.659 31.787 2 4.51331 -67.5301
530 7.859 31.787 2 4.70548 -69.6329
531 8.059 31.787 2 4.89827 -71.6857
532 8.259 31.787 2 5.09162 -72.0091
533 8.459 31.787 2 5.28546 -70.489
534 8.659 31.787 2 5.47975 -69.4168
535 8.859 31.787 2 5.67443 -71.5561
536 9.059 31.787 2 5.86947 -76.4853
537 9.259 31.787 2 6.06483 -67.924
538 9.459 31.787 2 6.26049 -65.2755
539 9.659 31.787 2 6.45641 -67.0271
540 9.859 31.787 2 6.65257 -80.7989
541 10.059 31.787 2 6.84896 -72.3162
542 10.259 31.787 2 7.04555 -65.9327
543 10.459 31.787 2 7.24233 -65.5638
544 10.659 31.787 2 7.43927 -67.7057
545 10.859 31.787 2 7.63638 -74.3062
546 11.059 31.787 2 7.83364 -75.3304
547 3.459 31.987 2 1.4829 -90.6377
548 3.659 31.987 2 1.51345 -89.5549
549 3.859 31.987 2 1.56909 -88.8511
550 4.059 31.987 2 1.64729 -69.0256
551 4.259 31.987 2 1.74502 -56.2741
552 4.459 31.987 2 1.85919 -55.8349
553 4.659 31.987 2 1.98699 -57.1861
554 4.859 31.987 2 2.12595 -57.8373
555 5.059 31.987 2 2.27402 -58.2574
556 5.259 31.987 2 2.42954 -58.2567
557 5.459 31.987 2 2.59118 -59.4004
558 5.659 31.987 2 2.75785 -60.6971
559 5.859 31.987 2 2.92869 -62.4439
560 6.059 31.987 2 3.10303 -62.3222
561 6.259 31.987 2 3.28029 -63.9726
562 6.459 31.987 2 3.46003 -64.451
563 6.659 31.987 2 3.64188 -66.9699
564 6.859 31.987 2 3.82555 -68.7149
565 7.059 31.987 2 4.01078 -65.9141
566 7.259 31.987 2 4.19737 -67.5286
567 7.459 31.987 2 4.38513 -70.1275
568 7.659 31.987 2 4.57394 -77.9297
569 7.859 31.987 2 4.76366 -72.8534
570 8.059 31.987 2 4.95419 -68.2202
571 8.259 31.987 2 5.14543 -70.7338
572 8.459 31.987 2 5.33732 -71.1166
573 8.659 31.987 2 5.52979 -72.985
574 8.859 31.987 2 5.72277 -75.8115
575 9.059 31.987 2 5.91621 -69.8886
576 9.259 31.987 2 6.11008 -71.1491
577 9.459 31.987 2 6.30433 -77.2021
578 9.659 31.987 2 6.49893 -72.7089
579 9.859 31.987 2 6.69385 -66.4259
580 10.059 31.987 2 6.88906 -66.4938
581 10.259 31.987 2 7.08454 -71.2238
582 10.459 31.987 2 7.28026 -87.6802
583 10.659 31.987 2 7.47621 -69.3081
584 10.859 31.987 2 7.67237 -62.2301
585 11.059 31.987 2 7.86872 -67.1138
586 3.459 32.187 2 1.68224 -93.5005
587 3.659 32.187 2 1.70922 -90.6555
588 3.859 32.187 2 1.75868 -91.0361
589 4.059 32.187 2 1.82879 -81.6685
590 4.259 32.187 2 1.91729 -60.5205
591 4.459 32.187 2 2.02176 -59.0268
592 4.659 32.187 2 2.13987 -58.7621
593 4.859 32.187 2 2.26949 -60.5059
594 5.059 32.187 2 2.40875 -61.0671
595 5.259 32.187 2 2.55609 -61.1412
596 5.459 32.187 2 2.71019 -61.6991
597 5.659 32.187 2 2.86996 -62.6703
598 5.859 32.187 2 3.0345 -62.8969
599 6.059 32.187 2 3.20307 -64.9912
600 6.259 32.187 2 3.37509 -63.5026
601 6.459 32.187 2 3.55003 -65.7981
602 6.659 32.187 2 3.7275 -67.4653
603 6.859 32.187 2 3.90714 -65.7486
604 7.059 32.187 2 4.08868 -68.3315
605 7.259 32.187 2 4.27186 -70.286
606 7.459 32.187 2 4.45649 -73.0151
607 7.659 32.187 2 4.6424 -73.0219
608 7.859 32.187 2 4.82943 -71.6733
609 8.059 32.187 2 5.01746 -72.2944
610 8.259 32.187 2 5.20638 -77.5816
611 8.459 32.187 2 5.3961 -74.1214
612 8.659 32.187 2 5.58654 -75.3114
613 8.859 32.187 2 5.77763 -75.49
614 9.059 32.187 2 5.9693 -73.1532
615 9.259 32.187 2 6.16149 -70.7079
616 9.459 32.187 2 6.35417 -68.3147
617 9.659 32.187 2 6.54729 -77.1823
618 9.859 32.187 2 6.74081 -84.6363
619 10.059 32.187 2 6.9347 -80.27
620 10.259 32.187 2 7.12893 -70.368
621 10.459 32.187 2 7.32346 -68.8823
622 10.659 32.187 2 7.51829 -70.05
623 10.859 32.187 2 7.71338 -76.9507
624 11.059 32.187 2 7.90871 -73.4659
625 3.459 32.387 2 1.88171 -91.9158
626 3.659 32.387 2 1.90588 -90.8227
627 3.859 32.387 2 1.95035 -89.8267
628 4.059 32.387 2 2.0138 -70.5085
629 4.259 32.387 2 2.0945 -64.8557
630 4.459 32.387 2 2.19053 -63.4516
631 4.659 32.387 2 2.29999 -60.09
632 4.859 32.387 2 2.42105 -59.2381
633 5.059 32.387 2 2.55206 -61.7103
634 5.259 32.387 2 2.69157 -60.9079
635 5.459 32.387 2 2.83832 -61.9598
636 5.659 32.387 2 2.99125 -62.1271
637 5.859 32.387 2 3.14946 -64.5309
638 6.059 32.387 2 3.31219 -64.8451
639 6.259 32.387 2 3.47881 -67.7079
640 6.459 32.387 2 3.64879 -66.2443
641 6.659 32.387 2 3.82167 -67.9343
642 6.859 32.387 2 3.99708 -72.5055
643 7.059 32.387 2 4.17471 -69.6157
644 7.259 32.387 2 4.35428 -66.9584
645 7.459 32.387 2 4.53555 -71.4101
646 7.659 32.387 2 4.71834 -71.3398
647 7.859 32.387 2 4.90248 -69.1431
648 8.059 32.387 2 5.08781 -70.2707
649 8.259 32.387 2 5.27421 -73.8279
650 8.459 32.387 2 5.46158 -81.0019
651 8.659 32.387 2 5.64981 -74.5597
652 8.859 32.387 2 5.83883 -74.0034
653 9.059 32.387 2 6.02855 -75.6041
654 9.259 32.387 2 6.21892 -76.7613
655 9.459 32.387 2 6.40987 -73.8662
656 9.659 32.387 2 6.60136 -70.8349
657 9.859 32.387 2 6.79334 -67.3526
658 10.059 32.387 2 6.98577 -68.3304
659 10.259 32.387 2 7.17862 -73.7455
660 10.459 32.387 2 7.37184 -81.0582
661 10.659 32.387 2 7.56542 -70.2821
662 10.859 32.387 2 7.75932 -71.0436
663 11.059 32.387 2 7.95353 -74.5562
664 3.459 32.587 2 2.08129 -94.2516
665 3.659 32.587 2 2.10316 -88.0346
666 3.859 32.587 2 2.14355 -90.3278
667 4.059 32.587 2 2.20144 -68.0616
668 4.259 32.587 2 2.27549 -71.8698
669 4.459 32.587 2 2.36418 -68.7941
670 4.659 32.587 2 2.46594 -61.4162
671 4.859 32.587 2 2.57923 -60.0146
672 5.059 32.587 2 2.70258 -60.8485
673 5.259 32.587 2 2.83469 -62.3441
674 5.459 32.587 2 2.97438 -61.3786
675 5.659 32.587 2 3.12065 -63.6958
676 5.859 32.587 2 3.27261 -63.7917
677 6.059 32.587 2 3.42951 -63.598
678 6.259 32.587 2 3.59069 -64.6658
679 6.459 32.587 2 3.7556 -66.8596
680 6.659 32.587 2 3.92378 -66.1176
681 6.859 32.587 2 4.09483 -67.6594
682 7.059 32.587 2 4.26839 -68.6897
683 7.259 32.587 2 4.44417 -68.7551
684 7.459 32.587 2 4.62192 -66.9218
685 7.659 32.587 2 4.80143 -72.3448
686 7.859 32.587 2 4.98249 -68.5016
687 8.059 32.587 2 5.16495 -70.2071
688 8.259 32.587 2 5.34867 -71.2113
689 8.459 32.587 2 5.53351 -70.7325
690 8.659 32.587 2 5.71938 -72.3845
691 8.859 32.587 2 5.90617 -75.9235
692 9.059 32.587 2 6.09379 -72.9773
693 9.259 32.587 2 6.28218 -73.7207
694 9.459 32.587 2 6.47127 -74.1963
695 9.659 32.587 2 6.661 -77.6702
696 9.859 32.587 2 6.85131 -73.5644
697 10.059 32.587 2 7.04215 -72.8902
698 10.259 32.587 2 7.23349 -67.4722
699 10.459 32.587 2 7.42529 -71.3446
700 10.659 32.587 2 7.61751 -78.5986
701 10.859 32.587 2 7.81012 -73.1583
702 11.059 32.587 2 8.00309 -76.5277
703 3.459 32.787 2 2.28094 -90.737
704 3.659 32.787 2 2.30091 -88.3767
705 3.859 32.787 2 2.33789 -89.0669
706 4.059 32.787 2 2.39108 -69.9385
707 4.259 32.787 2 2.45942 -71.2849
708 4.459 32.787 2 2.54171 -69.0977
709 4.659 32.787 2 2.63663 -65.6738
710 4.859 32.787 2 2.74287 -64.1572
711 5.059 32.787 2 2.85917 -61.8577
712 5.259 32.787 2 2.98435 -60.3515
713 5.459 32.787 2 3.11735 -63.4281
714 5.659 32.787 2 3.25721 -63.5583
715 5.859 32.787 2 3.40308 -63.8658
716 6.059 32.787 2 3.55421 -64.1442
717 6.259 32.787 2 3.70998 -65.6702
718 6.459 32.787 2 3.86982 -64.6376
719 6.659 32.787 2 4.03324 -67.5972
720 6.859 32.787 2 4.19982 -68.8627
721 7.059 32.787 2 4.36922 -68.7743
722 7.259 32.787 2 4.5411 -72.3772
723 7.459 32.787 2 4.7152 -71.6725
724 7.659 32.787 2 4.89128 -66.1012
725 7.859 32.787 2 5.06913 -70.5497
726 8.059 32.787 2 5.24859 -70.0115
727 8.259 32.787 2 5.42947 -72.5114
728 8.459 32.787 2 5.61166 -72.3766
729 8.659 32.787 2 5.79502 -73.5368
730 8.859 32.787 2 5.97944 -72.9595
731 9.059 32.787 2 6.16484 -83.2934
732 9.259 32.787 2 6.35112 -77.3074
733 9.459 32.787 2 6.53822 -77.8605
734 9.659 32.787 2 6.72605 -75.7384
735 9.859 32.787 2 6.91457 -73.2656
736 10.059 32.787 2 7.10372 -76.8219
737 10.259 32.787 2 7.29345 -77.0161
738 10.459 32.787 2 7.48371 -73.7287
739 10.659 32.787 2 7.67446 -70.6084
740 10.859 32.787 2 7.86568 -66.0383
741 11.059 32.787 2 8.05732 -72.375
742 3.459 32.987 2 2.48065 -96.5477
743 3.659 32.987 2 2.49902 -88.7189
744 3.859 32.987 2 2.53311 -89.5254
745 4.059 32.987 2 2.58228 -69.9744
746 4.259 32.987 2 2.64569 -74.1496
747 4.459 32.987 2 2.72235 -77.2002
748 4.659 32.987 2 2.81118 -72.2444
749 4.859 32.987 2 2.91106 -65.276
750 5.059 32.987 2 3.02089 -62.5211
751 5.259 32.987 2 3.13963 -61.5131
752 5.459 32.987 2 3.26631 -63.717
753 5.659 32.987 2 3.40005 -62.066
754 5.859 32.987 2 3.54003 -65.2943
755 6.059 32.987 2 3.68556 -64.8817
756 6.259 32.987 2 3.836 -64.7103
757 6.459 32.987 2 3.99079 -65.4718
758 6.659 32.987 2 4.14945 -65.8303
759 6.859 32.987 2 4.31155 -65.8758
760 7.059 32.987 2 4.47671 -66.8118
761 7.259 32.987 2 4.64462 -67.4091
762 7.459 32.987 2 4.81498 -68.9141
763 7.659 32.987 2 4.98754 -71.4868
764 7.859 32.987 2 5.16208 -66.6931
765 8.059 32.987 2 5.3384 -70.6729
766 8.259 32.987 2 5.51635 -71.9396
767 8.459 32.987 2 5.69575 -73.3548
768 8.659 32.987 2 5.87649 -75.0198
769 8.859 32.987 2 6.05844 -73.1845
770 9.059 32.987 2 6.24149 -74.4496
771 9.259 32.987 2 6.42555 -73.2732
772 9.459 32.987 2 6.61054 -78.4363
773 9.659 32.987 2 6.79638 -74.1923
774 9.859 32.987 2 6.983 -78.8601
775 10.059 32.987 2 7.17034 -72.3354
776 10.259 32.987 2 7.35835 -74.1931
777 10.459 32.987 2 7.54697 -80.9435
778 10.659 32.987 2 7.73617 -81.1704
779 10.859 32.987 2 7.9259 -67.6212
780 11.059 32.987 2 8.11612 -68.9067
781 3.459 33.187 2 2.6804 -107.673
782 3.659 33.187 2 2.69741 -90.3317
783 3.859 33.187 2 2.72902 -90.705
784 4.059 33.187 2 2.77472 -72.1592
785 4.259 33.187 2 2.83383 -72.3404
786 4.459 33.187 2 2.90553 -81.6395
787 4.659 33.187 2 2.98892 -74.9895
788 4.859 33.187 2 3.08304 -67.8607
789 5.059 33.187 2 3.18696 -65.9138
790 5.259 33.187 2 3.29973 -63.1106
791 5.459 33.187 2 3.42049 -62.0476
792 5.659 33.187 2 3.54841 -63.7994
793 5.859 33.187 2 3.68277 -63.3527
794 6.059 33.187 2 3.82286 -64.9862
795 6.259 33.187 2 3.9681 -66.0867
796 6.459 33.187 2 4.11793 -65.6456
797 6.659 33.187 2 4.27187 -65.2996
798 6.859 33.187 2 4.42949 -65.8812
799 7.059 33.187 2 4.59041 -67.1801
800 7.259 33.187 2 4.7543 -68.6236
801 7.459 33.187 2 4.92087 -67.8766
802 7.659 33.187 2 5.08984 -66.5993
803 7.859 33.187 2 5.26099 -72.0097
804 8.059 33.187 2 5.4341 -67.5422
805 8.259 33.187 2 5.60901 -72.4754
806 8.459 33.187 2 5.78554 -73.6022
807 8.659 33.187 2 5.96356 -71.2839
808 8.859 33.187 2 6.14293 -73.2251
809 9.059 33.187 2 6.32353 -73.5698
810 9.259 33.187 2 6.50528 -74.7361
811 9.459 33.187 2 6.68806 -74.6828
812 9.659 33.187 2 6.8718 -74.6366
813 9.859 33.187 2 7.05643 -77.2701
814 10.059 33.187 2 7.24187 -74.1051
815 10.259 33.187 2 7.42807 -76.8726
816 10.459 33.187 2 7.61497 -77.434
817 10.659 33.187 2 7.80252 -73.6035
818 10.859 33.187 2 7.99067 -74.3824
819 11.059 33.187 2 8.17938 -72.3821
820 3.459 33.387 2 2.88018 -101.263
821 3.659 33.387 2 2.89603 -93.0558
822 3.859 33.387 2 2.92549 -91.3834
823 4.059 33.387 2 2.96816 -74.5301
824 4.259 33.387 2 3.0235 -80.3023
825 4.459 33.387 2 3.0908 -78.0304
826 4.659 33.387 2 3.16932 -87.7843
827 4.859 33.387 2 3.25823 -70.9652
828 5.059 33.387 2 3.35673 -67.6965
829 5.259 33.387 2 3.46398 -66.0964
830 5.459 33.387 2 3.5792 -64.0056
831 5.659 33.387 2 3.70164 -63.024
832 5.859 33.387 2 3.83062 -62.9491
833 6.059 33.387 2 3.9655 -64.4947
834 6.259 33.387 2 4.10569 -66.9685
835 6.459 33.387 2 4.25068 -64.9742
836 6.659 33.387 2 4.39997 -65.9395
837 6.859 33.387 2 4.55316 -65.462
838 7.059 33.387 2 4.70986 -67.3106
839 7.259 33.387 2 4.86974 -66.4283
840 7.459 33.387 2 5.03248 -69.872
841 7.659 33.387 2 5.19782 -69.6958
842 7.859 33.387 2 5.36553 -68.2798
843 8.059 33.387 2 5.53538 -73.496
844 8.259 33.387 2 5.70718 -68.3365
845 8.459 33.387 2 5.88077 -70.3092
846 8.659 33.387 2 6.05599 -73.0471
847 8.859 33.387 2 6.23269 -72.2388
848 9.059 33.387 2 6.41077 -73.5741
849 9.259 33.387 2 6.59011 -75.3958
850 9.459 33.387 2 6.7706 -72.2926
851 9.659 33.387 2 6.95216 -73.7937
852 9.859 33.387 2 7.13471 -72.0777
853 10.059 33.387 2 7.31817 -72.2107
854 10.259 33.387 2 7.50247 -81.3236
855 10.459 33.387 2 7.68756 -80.5349
856 10.659 33.387 2 7.87338 -73.4901
857 10.859 33.387 2 8.05988 -73.174
858 11.059 33.387 2 8.24701 -69.0995
859 3.459 33.587 2 3.07999 -94.6373
860 3.659 33.587 2 3.09482 -97.9949
861 3.859 33.587 2 3.1224 -92.1106
862 4.059 33.587 2 3.16242 -73.3285
863 4.259 33.587 2 3.21441 -78.7178
864 4.459 33.587 2 3.2778 -86.3149
865 4.659 33.587 2 3.35194 -76.1538
866 4.859 33.587 2 3.43613 -76.7242
867 5.059 33.587 2 3.52966 -69.8749
868 5.259 33.587 2 3.63181 -67.74
869 5.459 33.587 2 3.74187 -65.0261
870 5.659 33.587 2 3.85916 -63.467
871 5.859 33.587 2 3.98304 -64.4986
872 6.059 33.587 2 4.11292 -65.0757
873 6.259 33.587 2 4.24825 -63.5722
874 6.459 33.587 2 4.38853 -66.6042
875 6.659 33.587 2 4.53329 -66.1669
876 6.859 33.587 2 4.68212 -69.4454
877 7.059 33.587 2 4.83464 -66.0716
878 7.259 33.587 2 4.99052 -65.7127
879 7.459 33.587 2 5.14944 -67.4614
880 7.659 33.587 2 5.31115 -70.5001
881 7.859 33.587 2 5.47538 -69.4569
882 8.059 33.587 2 5.64193 -67.8833
883 8.259 33.587 2 5.81058 -73.1012
884 8.459 33.587 2 5.98117 -69.4671
885 8.659 33.587 2 6.15353 -68.5765
886 8.859 33.587 2 6.32751 -72.1256
887 9.059 33.587 2 6.50299 -73.3856
888 9.259 33.587 2 6.67985 -72.035
889 9.459 33.587 2 6.85799 -76.0762
890 9.659 33.587 2 7.03729 -81.7212
891 9.859 33.587 2 7.21769 -78.8858
892 10.059 33.587 2 7.39909 -71.5623
893 10.259 33.587 2 7.58143 -71.6555
894 10.459 33.587 2 7.76464 -73.452
895 10.659 33.587 2 7.94865 -71.0938
896 10.859 33.587 2 8.13343 -72.9872
897 11.059 33.587 2 8.3189 -73.1472
898 3.459 33.787 2 3.27983 -93.5503
899 3.659 33.787 2 3.29375 -103.607
900 3.859 33.787 2 3.31969 -92.7309
901 4.059 33.787 2 3.35736 -73.7437
902 4.259 33.787 2 3.40637 -83.0348
903 4.459 33.787 2 3.46625 -85.3894
904 4.659 33.787 2 3.53644 -78.8652
905 4.859 33.787 2 3.61634 -80.8928
906 5.059 33.787 2 3.70533 -71.2923
907 5.259 33.787 2 3.80276 -68.6164
908 5.459 33.787 2 3.908 -67.4539
909 5.659 33.787 2 4.02045 -64.7824
910 5.859 33.787 2 4.13951 -65.7836
911 6.059 33.787 2 4.26463 -62.9332
912 6.259 33.787 2 4.39529 -64.9449
913 6.459 33.787 2 4.53101 -65.8504
914 6.659 33.787 2 4.67136 -68.4612
915 6.859 33.787 2 4.81592 -66.5546
916 7.059 33.787 2 4.96434 -67.5278
917 7.259 33.787 2 5.11626 -67.1239
918 7.459 33.787 2 5.2714 -68.8339
919 7.659 33.787 2 5.42948 -68.9125
920 7.859 33.787 2 5.59023 -67.4219
921 8.059 33.787 2 5.75345 -68.4346
922 8.259 33.787 2 5.91893 -67.2776
923 8.459 33.787 2 6.08648 -73.168
924 8.659 33.787 2 6.25594 -71.2888
925 8.859 33.787 2 6.42716 -69.5321
926 9.059 33.787 2 6.59999 -68.2447
927 9.259 33.787 2 6.77432 -70.4388
928 9.459 33.787 2 6.95003 -72.1586
929 9.659 33.787 2 7.12702 -72.317
930 9.859 33.787 2 7.3052 -78.0448
931 10.059 33.787 2 7.48448 -84.1244
932 10.259 33.787 2 7.66479 -81.21
933 10.459 33.787 2 7.84605 -73.07
934 10.659 33.787 2 8.0282 -72.5726
935 10.859 33.787 2 8.21118 -75.3169
936 11.059 33.787 2 8.39494 -70.8187
937 3.459 33.987 2 3.47968 -93.0224
938 3.659 33.987 2 3.49281 -106.036
939 3.859 33.987 2 3.51728 -93.2874
940 4.059 33.987 2 3.55285 -78.7038
941 4.259 33.987 2 3.59921 -76.4726
942 4.459 33.987 2 3.65593 -86.3922
943 4.659 33.987 2 3.72254 -84.501
944 4.859 33.987 2 3.79853 -87.3407
945 5.059 33.987 2 3.88334 -77.3761
946 5.259 33.987 2 3.97642 -71.6436
947 5.459 33.987 2 4.07718 -68.0227
948 5.659 33.987 2 4.18508 -67.3354
949 5.859 33.987 2 4.29959 -63.9577
950 6.059 33.987 2 4.42018 -66.4676
951 6.259 33.987 2 4.54637 -65.4326
952 6.459 33.987 2 4.67771 -65.7995
953 6.659 33.987 2 4.81378 -65.5131
954 6.859 33.987 2 4.95419 -66.3713
955 7.059 33.987 2 5.09858 -68.102
956 7.259 33.987 2 5.24663 -68.808
957 7.459 33.987 2 5.39802 -66.1654
958 7.659 33.987 2 5.55249 -67.2858
959 7.859 33.987 2 5.70978 -68.6109
960 8.059 33.987 2 5.86968 -68.8009
961 8.259 33.987 2 6.03197 -73.6988
962 8.459 33.987 2 6.19647 -70.0305
963 8.659 33.987 2 6.363 -75.5622
964 8.859 33.987 2 6.5314 -71.117
965 9.059 33.987 2 6.70155 -69.2658
966 9.259 33.987 2 6.8733 -69.5799
967 9.459 33.987 2 7.04655 -69.9606
968 9.659 33.987 2 7.22117 -73.1802
969 9.859 33.987 2 7.39708 -74.0244
970 10.059 33.987 2 7.57419 -72.4442
971 10.259 33.987 2 7.75241 -79.3437
972 10.459 33.987 2 7.93167 -76.0456
973 10.659 33.987 2 8.1119 -67.7971
974 10.859 33.987 2 8.29304 -76.026
975 11.059 33.987 2 8.47502 -69.6273
976 3.459 34.187 2 3.67955 -90.8284
977 3.659 34.187 2 3.69197 -93.7795
978 3.859 34.187 2 3.71513 -94.8869
979 4.059 34.187 2 3.74882 -76.5133
980 4.259 34.187 2 3.79278 -75.6122
981 4.459 34.187 2 3.84665 -87.6333
982 4.659 34.187 2 3.91002 -83.2091
983 4.859 34.187 2 3.98243 -85.4231
984 5.059 34.187 2 4.06341 -80.4955
985 5.259 34.187 2 4.15245 -75.3092
986 5.459 34.187 2 4.24904 -69.4537
987 5.659 34.187 2 4.35268 -69.0046
988 5.859 34.187 2 4.46289 -66.7412
989 6.059 34.187 2 4.57918 -67.3657
990 6.259 34.187 2 4.70111 -66.1751
991 6.459 34.187 2 4.82824 -64.377
992 6.659 34.187 2 4.96019 -64.5787
993 6.859 34.187 2 5.09656 -68.4221
994 7.059 34.187 2 5.23703 -66.7756
995 7.259 34.187 2 5.38126 -69.0252
996 7.459 34.187 2 5.52897 -68.8773
997 7.659 34.187 2 5.67988 -68.5022
998 7.859 34.187 2 5.83374 -67.5896
999 8.059 34.187 2 5.99033 -67.8216
1000 8.259 34.187 2 6.14944 -69.8073
1001 8.459 34.187 2 6.31087 -71.027
1002 8.659 34.187 2 6.47446 -69.8488
1003 8.859 34.187 2 6.64004 -72.739
1004 9.059 34.187 2 6.80747 -72.1957
1005 9.259 34.187 2 6.97662 -73.61
1006 9.459 34.187 2 7.14736 -72.4227
1007 9.659 34.187 2 7.31958 -71.4391
1008 9.859 34.187 2 7.49318 -69.9857
1009 10.059 34.187 2 7.66807 -72.6166
1010 10.259 34.187 2 7.84416 -73.3734
1011 10.459 34.187 2 8.02137 -70.8649
1012 10.659 34.187 2 8.19962 -70.1611
1013 10.859 34.187 2 8.37886 -79.3668
1014 11.059 34.187 2 8.55902 -70.0728
1015 3.459 34.387 2 3.87944 -90.5461
1016 3.659 34.387 2 3.89122 -99.4846
1017 3.859 34.387 2 3.91319 -84.5905
1018 4.059 34.387 2 3.9452 -84.1319
1019 4.259 34.387 2 3.98699 -77.2294
1020 4.459 34.387 2 4.03827 -78.7094
1021 4.659 34.387 2 4.09868 -82.3311
1022 4.859 34.387 2 4.16782 -78.537
1023 5.059 34.387 2 4.24526 -78.5121
1024 5.259 34.387 2 4.33056 -75.5548
1025 5.459 34.387 2 4.42326 -73.6232
1026 5.659 34.387 2 4.52292 -70.6959
1027 5.859 34.387 2 4.62907 -67.9381
1028 6.059 34.387 2 4.74129 -65.8385
1029 6.259 34.387 2 4.85915 -67.2348
1030 6.459 34.387 2 4.98225 -64.1262
1031 6.659 34.387 2 5.11022 -66.6814
1032 6.859 34.387 2 5.2427 -66.3904
1033 7.059 34.387 2 5.37935 -67.5266
1034 7.259 34.387 2 5.51987 -67.8552
1035 7.459 34.387 2 5.66396 -68.9928
1036 7.659 34.387 2 5.81137 -67.9983
1037 7.859 34.387 2 5.96184 -71.7898
1038 8.059 34.387 2 6.11515 -70.5392
1039 8.259 34.387 2 6.27109 -70.165
1040 8.459 34.387 2 6.42947 -68.5731
1041 8.659 34.387 2 6.59011 -68.6703
1042 8.859 34.387 2 6.75286 -68.6426
1043 9.059 34.387 2 6.91756 -71.2185
1044 9.259 34.387 2 7.08408 -71.3254
1045 9.459 34.387 2 7.25229 -73.8194
1046 9.659 34.387 2 7.42207 -71.6346
1047 9.859 34.387 2 7.59333 -73.2261
1048 10.059 34.387 2 7.76596 -72.0452
1049 10.259 34.387 2 7.93988 -70.1607
1050 10.459 34.387 2 8.115 -75.8803
1051 10.659 34.387 2 8.29125 -74.5394
1052 10.859 34.387 2 8.46855 -91.8829
1053 11.059 34.387 2 8.64684 -74.2941
1054 3.459 34.587 2 4.07933 -86.2261
1055 3.659 34.587 2 4.09054 -91.7224
1056 3.859 34.587 2 4.11145 -86.3821
1057 4.059 34.587 2 4.14192 -91.1084
1058 4.259 34.587 2 4.18175 -77.4118
1059 4.459 34.587 2 4.23067 -86.5939
1060 4.659 34.587 2 4.28837 -104.947
1061 4.859 34.587 2 4.35449 -84.9526
1062 5.059 34.587 2 4.42867 -82.0182
1063 5.259 34.587 2 4.5105 -79.9372
1064 5.459 34.587 2 4.59958 -78.7961
1065 5.659 34.587 2 4.6955 -70.3817
1066 5.859 34.587 2 4.79783 -73.2796
1067 6.059 34.587 2 4.90619 -66.0336
1068 6.259 34.587 2 5.02018 -67.9066
1069 6.459 34.587 2 5.13943 -67.3971
1070 6.659 34.587 2 5.26358 -67.7176
1071 6.859 34.587 2 5.39229 -64.7721
1072 7.059 34.587 2 5.52524 -67.2669
1073 7.259 34.587 2 5.66214 -66.8946
1074 7.459 34.587 2 5.8027 -67.5644
1075 7.659 34.587 2 5.94667 -69.1734
1076 7.859 34.587 2 6.0938 -69.3217
1077 8.059 34.587 2 6.24387 -70.4739
1078 8.259 34.587 2 6.39667 -69.1071
1079 8.459 34.587 2 6.55202 -71.4329
1080 8.659 34.587 2 6.70973 -69.5032
1081 8.859 34.587 2 6.86964 -69.8296
1082 9.059 34.587 2 7.03161 -70.062
1083 9.259 34.587 2 7.19549 -72.5756
1084 9.459 34.587 2 7.36115 -75.549
1085 9.659 34.587 2 7.52848 -67.0294
1086 9.859 34.587 2 7.69738 -78.9511
1087 10.059 34.587 2 7.86773 -71.7645
1088 10.259 34.587 2 8.03944 -73.5478
1089 10.459 34.587 2 8.21244 -72.1776
1090 10.659 34.587 2 8.38664 -72.8333
1091 10.859 34.587 2 8.56196 -72.6802
1092 11.059 34.587 2 8.73835 -74.4271
1093 3.459 34.787 2 4.27924 -90.4498
1094 3.659 34.787 2 4.28992 -96.2215
1095 3.859 34.787 2 4.30986 -89.3693
1096 4.059 34.787 2 4.33894 -78.0262
1097 4.259 34.787 2 4.37698 -79.1499
1098 4.459 34.787 2 4.42374 -80.0049
1099 4.659 34.787 2 4.47895 -83.3207
1100 4.859 34.787 2 4.5423 -84.9829
1101 5.059 34.787 2 4.61346 -87.2514
1102 5.259 34.787 2 4.69207 -81.401
1103 5.459 34.787 2 4.77777 -78.2877
1104 5.659 34.787 2 4.87017 -70.5514
1105 5.859 34.787 2 4.96892 -69.7685
1106 6.059 34.787 2 5.07362 -70.2092
1107 6.259 34.787 2 5.18393 -67.0844
1108 6.459 34.787 2 5.2995 -70.6105
1109 6.659 34.787 2 5.41998 -67.6652
1110 6.859 34.787 2 5.54506 -66.3965
1111 7.059 34.787 2 5.67444 -65.501
1112 7.259 34.787 2 5.80782 -66.7759
1113 7.459 34.787 2 5.94494 -67.425
1114 7.659 34.787 2 6.08554 -68.5449
1115 7.859 34.787 2 6.22939 -69.6924
1116 8.059 34.787 2 6.37627 -68.877
1117 8.259 34.787 2 6.52598 -69.1638
1118 8.459 34.787 2 6.67831 -69.4255
1119 8.659 34.787 2 6.83311 -70.3616
1120 8.859 34.787 2 6.9902 -70.5694
1121 9.059 34.787 2 7.14944 -68.2522
1122 9.259 34.787 2 7.31067 -69.9176
1123 9.459 34.787 2 7.47379 -73.0213
1124 9.659 34.787 2 7.63865 -72.9255
1125 9.859 34.787 2 7.80516 -71.1705
1126 10.059 34.787 2 7.97321 -71.5728
1127 10.259 34.787 2 8.1427 -72.0258
1128 10.459 34.787 2 8.31355 -71.9479
1129 10.659 34.787 2 8.48567 -77.6402
1130 10.859 34.787 2 8.65899 -69.5745
1131 11.059 34.787 2 8.83344 -70.9005
1132 3.459 34.987 2 4.47915 -101.723
1133 3.659 34.987 2 4.48936 -91.8685
1134 3.859 34.987 2 4.50842 -100.993
1135 4.059 34.987 2 4.53623 -77.3961
1136 4.259 34.987 2 4.57262 -84.2031
1137 4.459 34.987 2 4.6174 -87.7196
1138 4.659 34.987 2 4.67032 -86.7519
1139 4.859 34.987 2 4.73111 -80.5045
1140 5.059 34.987 2 4.79948 -80.1654
1141 5.259 34.987 2 4.87509 -85.9516
1142 5.459 34.987 2 4.95762 -82.5121
1143 5.659 34.987 2 5.04673 -73.2013
1144 5.859 34.987 2 5.14209 -71.6908
1145 6.059 34.987 2 5.24334 -73.7548
1146 6.259 34.987 2 5.35015 -68.0796
1147 6.459 34.987 2 5.4622 -67.5246
1148 6.659 34.987 2 5.57917 -68.1108
1149 6.859 34.987 2 5.70076 -67.6479
1150 7.059 34.987 2 5.82668 -65.4582
1151 7.259 34.987 2 5.95665 -68.0165
1152 7.459 34.987 2 6.09042 -68.2441
1153 7.659 34.987 2 6.22774 -68.5135
1154 7.859 34.987 2 6.36838 -70.3822
1155 8.059 34.987 2 6.51212 -69.0478
1156 8.259 34.987 2 6.65877 -68.5081
1157 8.459 34.987 2 6.80814 -69.176
1158 8.659 34.987 2 6.96005 -70.4538
1159 8.859 34.987 2 7.11434 -73.7841
1160 9.059 34.987 2 7.27086 -71.3456
1161 9.259 34.987 2 7.42946 -68.8185
1162 9.459 34.987 2 7.59002 -68.7209
1163 9.659 34.987 2 7.75241 -78.2411
1164 9.859 34.987 2 7.91653 -76.7282
1165 10.059 34.987 2 8.08226 -70.6148
1166 10.259 34.987 2 8.24951 -72.7481
1167 10.459 34.987 2 8.41819 -73.0313
1168 10.659 34.987 2 8.58822 -76.8206
1169 10.859 34.987 2 8.75951 -73.0014
1170 11.059 34.987 2 8.932 -74.9368
1171 3.459 35.187 2 4.67907 -106.322
1172 3.659 35.187 2 4.68884 -93.5793
1173 3.859 35.187 2 4.7071 -91.7985
1174 4.059 35.187 2 4.73374 -76.5939
1175 4.259 35.187 2 4.76863 -84.5019
1176 4.459 35.187 2 4.81158 -83.4198
1177 4.659 35.187 2 4.86239 -80.917
1178 4.859 35.187 2 4.92081 -78.5893
1179 5.059 35.187 2 4.98657 -77.2297
1180 5.259 35.187 2 5.05939 -77.6178
1181 5.459 35.187 2 5.13896 -79.6501
1182 5.659 35.187 2 5.22498 -76.1713
1183 5.859 35.187 2 5.31714 -72.9576
1184 6.059 35.187 2 5.41512 -73.5849
1185 6.259 35.187 2 5.51861 -72.4177
1186 6.459 35.187 2 5.6273 -68.295
1187 6.659 35.187 2 5.74091 -68.1753
1188 6.859 35.187 2 5.85914 -68.5144
1189 7.059 35.187 2 5.98173 -68.1872
1190 7.259 35.187 2 6.1084 -68.7223
1191 7.459 35.187 2 6.23892 -68.1463
1192 7.659 35.187 2 6.37304 -68.0033
1193 7.859 35.187 2 6.51054 -69.1804
1194 8.059 35.187 2 6.65122 -70.5623
1195 8.259 35.187 2 6.79487 -71.1481
1196 8.459 35.187 2 6.94131 -73.6422
1197 8.659 35.187 2 7.09036 -67.4605
1198 8.859 35.187 2 7.24188 -69.2188
1199 9.059 35.187 2 7.39569 -69.7596
1200 9.259 35.187 2 7.55168 -71.8987
1201 9.459 35.187 2 7.70969 -68.8195
1202 9.659 35.187 2 7.86962 -68.0418
1203 9.859 35.187 2 8.03134 -75.8248
1204 10.059 35.187 2 8.19475 -76.5008
1205 10.259 35.187 2 8.35975 -71.4379
1206 10.459 35.187 2 8.52625 -72.7107
1207 10.659 35.187 2 8.69416 -67.7096
1208 10.859 35.187 2 8.86341 -78.8239
1209 11.059 35.187 2 9.03391 -82.4302
1210 3.459 35.387 2 4.879 -97.7314
1211 3.659 35.387 2 4.88837 -85.1927
1212 3.859 35.387 2 4.90588 -90.8982
1213 4.059 35.387 2 4.93145 -78.2929
1214 4.259 35.387 2 4.96495 -101.891
1215 4.459 35.387 2 5.00622 -79.9743
1216 4.659 35.387 2 5.05507 -87.0276
1217 4.859 35.387 2 5.11129 -95.9433
1218 5.059 35.387 2 5.17463 -80.1246
1219 5.259 35.387 2 5.24484 -86.4231
1220 5.459 35.387 2 5.32164 -81.0848
1221 5.659 35.387 2 5.40475 -79.0011
1222 5.859 35.387 2 5.49389 -78.2788
1223 6.059 35.387 2 5.58877 -74.0592
1224 6.259 35.387 2 5.68911 -75.2004
1225 6.459 35.387 2 5.7946 -68.6435
1226 6.659 35.387 2 5.90499 -69.9223
1227 6.859 35.387 2 6.02001 -70.3257
1228 7.059 35.387 2 6.13938 -70.1935
1229 7.259 35.387 2 6.26287 -67.9137
1230 7.459 35.387 2 6.39023 -67.238
1231 7.659 35.387 2 6.52124 -68.9213
1232 7.859 35.387 2 6.65568 -67.7913
1233 8.059 35.387 2 6.79335 -70.7191
1234 8.259 35.387 2 6.93406 -71.0247
1235 8.459 35.387 2 7.07762 -70.7363
1236 8.659 35.387 2 7.22386 -71.0469
1237 8.859 35.387 2 7.37263 -74.6686
1238 9.059 35.387 2 7.52378 -69.6331
1239 9.259 35.387 2 7.67716 -71.1392
1240 9.459 35.387 2 7.83264 -76.5652
1241 9.659 35.387 2 7.9901 -68.5232
1242 9.859 35.387 2 8.14943 -68.0658
1243 10.059 35.387 2 8.31052 -73.7586
1244 10.259 35.387 2 8.47327 -74.082
1245 10.459 35.387 2 8.63758 -73.9375
1246 10.659 35.387 2 8.80337 -70.1439
1247 10.859 35.387 2 8.97056 -72.7265
1248 11.059 35.387 2 9.13906 -73.5312
1249 3.459 35.587 2 5.07893 -90.1659
1250 3.659 35.587 2 5.08793 -88.0007
1251 3.859 35.587 2 5.10476 -87.8329
1252 4.059 35.587 2 5.12934 -79.3236
1253 4.259 35.587 2 5.16155 -84.1378
1254 4.459 35.587 2 5.20127 -88.4772
1255 4.659 35.587 2 5.2483 -92.8281
1256 4.859 35.587 2 5.30247 -83.4534
1257 5.059 35.587 2 5.36355 -82.0149
1258 5.259 35.587 2 5.43132 -83.6494
1259 5.459 35.587 2 5.50552 -82.8403
1260 5.659 35.587 2 5.5859 -75.0414
1261 5.859 35.587 2 5.6722 -79.0895
1262 6.059 35.587 2 5.76414 -74.2117
1263 6.259 35.587 2 5.86147 -77.6415
1264 6.459 35.587 2 5.96392 -71.7585
1265 6.659 35.587 2 6.07123 -72.2658
1266 6.859 35.587 2 6.18315 -70.982
1267 7.059 35.587 2 6.29944 -71.4302
1268 7.259 35.587 2 6.41985 -68.7755
1269 7.459 35.587 2 6.54415 -67.3357
1270 7.659 35.587 2 6.67214 -66.7322
1271 7.859 35.587 2 6.8036 -68.6985
1272 8.059 35.587 2 6.93834 -67.6107
1273 8.259 35.587 2 7.07616 -71.4659
1274 8.459 35.587 2 7.21689 -72.5797
1275 8.659 35.587 2 7.36037 -69.4941
1276 8.859 35.587 2 7.50644 -72.7428
1277 9.059 35.587 2 7.65494 -71.6018
1278 9.259 35.587 2 7.80574 -69.7229
1279 9.459 35.587 2 7.95872 -71.9743
1280 9.659 35.587 2 8.11373 -74.6064
1281 9.859 35.587 2 8.27068 -70.3847
1282 10.059 35.587 2 8.42946 -67.4556
1283 10.259 35.587 2 8.58995 -75.746
1284 10.459 35.587 2 8.75207 -72.9291
1285 10.659 35.587 2 8.91573 -77.1021
1286 10.859 35.587 2 9.08085 -73.1312
1287 11.059 35.587 2 9.24734 -72.5334
1288 3.459 35.787 2 5.27887 -92.9595
1289 3.659 35.787 2 5.28753 -98.878
1290 3.859 35.787 2 5.30373 -82.4847
1291 4.059 35.787 2 5.32739 -78.1407
1292 4.259 35.787 2 5.35841 -86.8045
1293 4.459 35.787 2 5.39667 -98.6374
1294 4.659 35.787 2 5.44202 -87.6654
1295 4.859 35.787 2 5.49428 -96.2433
1296 5.059 35.787 2 5.55326 -85.9378
1297 5.259 35.787 2 5.61873 -84.155
1298 5.459 35.787 2 5.69049 -85.8667
1299 5.659 35.787 2 5.76829 -79.8378
1300 5.859 35.787 2 5.8519 -80.9384
1301 6.059 35.787 2 5.94106 -74.8097
1302 6.259 35.787 2 6.03554 -77.1834
1303 6.459 35.787 2 6.13509 -75.8237
1304 6.659 35.787 2 6.23946 -67.5364
1305 6.859 35.787 2 6.34841 -73.2933
1306 7.059 35.787 2 6.46172 -68.4736
1307 7.259 35.787 2 6.57916 -70.6392
1308 7.459 35.787 2 6.70051 -67.4585
1309 7.659 35.787 2 6.82557 -68.32
1310 7.859 35.787 2 6.95413 -68.7876
1311 8.059 35.787 2 7.086 -67.1616
1312 8.259 35.787 2 7.22101 -70.6843
1313 8.459 35.787 2 7.35897 -68.8883
1314 8.659 35.787 2 7.49973 -72.113
1315 8.859 35.787 2 7.64314 -72.3849
1316 9.059 35.787 2 7.78903 -69.46
1317 9.259 35.787 2 7.93729 -71.9697
1318 9.459 35.787 2 8.08777 -70.3899
1319 9.659 35.787 2 8.24036 -74.0494
1320 9.859 35.787 2 8.39495 -73.7491
1321 10.059 35.787 2 8.55141 -70.2988
1322 10.259 35.787 2 8.70966 -69.8675
1323 10.459 35.787 2 8.86959 -73.0831
1324 10.659 35.787 2 9.03112 -69.6257
1325 10.859 35.787 2 9.19417 -74.8826
1326 11.059 35.787 2 9.35865 -86.8505
1327 3.459 35.987 2 5.47881 -86.9801
1328 3.659 35.987 2 5.48716 -90.3434
1329 3.859 35.987 2 5.50277 -86.3633
1330 4.059 35.987 2 5.52557 -83.1787
1331 4.259 35.987 2 5.55549 -86.1601
1332 4.459 35.987 2 5.59241 -98.1584
1333 4.659 35.987 2 5.63618 -86.6735
1334 4.859 35.987 2 5.68665 -83.6814
1335 5.059 35.987 2 5.74365 -83.7924
1336 5.259 35.987 2 5.80699 -89.9863
1337 5.459 35.987 2 5.87644 -90.3116
1338 5.659 35.987 2 5.95182 -83.5157
1339 5.859 35.987 2 6.03288 -78.8932
1340 6.059 35.987 2 6.11941 -79.5259
1341 6.259 35.987 2 6.21117 -77.441
1342 6.459 35.987 2 6.30795 -79.2942
1343 6.659 35.987 2 6.4095 -69.3686
1344 6.859 35.987 2 6.51562 -71.0693
1345 7.059 35.987 2 6.62607 -69.4831
1346 7.259 35.987 2 6.74064 -69.9132
1347 7.459 35.987 2 6.85914 -71.7561
1348 7.659 35.987 2 6.98136 -68.0926
1349 7.859 35.987 2 7.1071 -67.3421
1350 8.059 35.987 2 7.23618 -69.2774
1351 8.259 35.987 2 7.36844 -68.3484
1352 8.459 35.987 2 7.50369 -68.5927
1353 8.659 35.987 2 7.64179 -69.9227
1354 8.859 35.987 2 7.78257 -71.4594
1355 9.059 35.987 2 7.9259 -73.8577
1356 9.259 35.987 2 8.07165 -70.7869
1357 9.459 35.987 2 8.21967 -70.8419
1358 9.659 35.987 2 8.36986 -69.4156
1359 9.859 35.987 2 8.52209 -72.2628
1360 10.059 35.987 2 8.67626 -72.3397
1361 10.259 35.987 2 8.83228 -71.3362
1362 10.459 35.987 2 8.99003 -71.5489
1363 10.659 35.987 2 9.14943 -69.9929
1364 10.859 35.987 2 9.31041 -73.0288
1365 11.059 35.987 2 9.47286 -74.1119
1366 3.459 36.187 2 5.67876 -99.0218
1367 3.659 36.187 2 5.68681 -94.2503
1368 3.859 36.187 2 5.70187 -87.637
1369 4.059 36.187 2 5.72389 -82.7143
1370 4.259 36.187 2 5.75277 -98.4877
1371 4.459 36.187 2 5.78843 -92.1007
1372 4.659 36.187 2 5.83073 -95.7483
1373 4.859 36.187 2 5.87954 -95.2484
1374 5.059 36.187 2 5.93468 -89.6614
1375 5.259 36.187 2 5.996 -93.646
1376 5.459 36.187 2 6.06329 -95.5347
1377 5.659 36.187 2 6.13637 -86.0332
1378 5.859 36.187 2 6.21503 -79.3301
1379 6.059 36.187 2 6.29905 -75.6235
1380 6.259 36.187 2 6.38824 -77.0577
1381 6.459 36.187 2 6.48237 -79.175
1382 6.659 36.187 2 6.58123 -74.4297
1383 6.859 36.187 2 6.68462 -68.7623
1384 7.059 36.187 2 6.79233 -74.8678
1385 7.259 36.187 2 6.90414 -70.2709
1386 7.459 36.187 2 7.01988 -72.9762
1387 7.659 36.187 2 7.13934 -68.0735
1388 7.859 36.187 2 7.26235 -68.7018
1389 8.059 36.187 2 7.38873 -68.8502
1390 8.259 36.187 2 7.5183 -68.63
1391 8.459 36.187 2 7.6509 -68.5039
1392 8.659 36.187 2 7.78639 -70.4993
1393 8.859 36.187 2 7.9246 -71.1805
1394 9.059 36.187 2 8.06541 -71.3984
1395 9.259 36.187 2 8.20868 -70.1304
1396 9.459 36.187 2 8.35428 -73.3582
1397 9.659 36.187 2 8.50208 -72.837
1398 9.859 36.187 2 8.65199 -70.3383
1399 10.059 36.187 2 8.80389 -71.6844
1400 10.259 36.187 2 8.95768 -71.5445
1401 10.459 36.187 2 9.11326 -72.1999
1402 10.659 36.187 2 9.27055 -73.67
1403 10.859 36.187 2 9.42945 -71.8767
1404 11.059 36.187 2 9.58989 -74.8014
1405 3.459 36.387 2 5.87871 -95.6375
1406 3.659 36.387 2 5.88649 -88.4152
1407 3.859 36.387 2 5.90104 -92.5606
1408 4.059 36.387 2 5.92231 -84.7037
1409 4.259 36.387 2 5.95024 -87.1753
1410 4.459 36.387 2 5.98472 -94.258
1411 4.659 36.387 2 6.02564 -108.723
1412 4.859 36.387 2 6.07288 -92.9956
1413 5.059 36.387 2 6.12629 -86.5007
1414 5.259 36.387 2 6.1857 -85.713
1415 5.459 36.387 2 6.25096 -80.2434
1416 5.659 36.387 2 6.32186 -84.8344
1417 5.859 36.387 2 6.39824 -81.3207
1418 6.059 36.387 2 6.47989 -75.8661
1419 6.259 36.387 2 6.56662 -74.2788
1420 6.459 36.387 2 6.65823 -74.0548
1421 6.659 36.387 2 6.75452 -77.4272
1422 6.859 36.387 2 6.8553 -77.5492
1423 7.059 36.387 2 6.96036 -71.8982
1424 7.259 36.387 2 7.06952 -72.0832
1425 7.459 36.387 2 7.18259 -67.7778
1426 7.659 36.387 2 7.29939 -74.216
1427 7.859 36.387 2 7.41975 -68.6689
1428 8.059 36.387 2 7.54349 -69.6763
1429 8.259 36.387 2 7.67044 -69.2329
1430 8.459 36.387 2 7.80046 -68.6169
1431 8.659 36.387 2 7.9334 -68.6822
1432 8.859 36.387 2 8.06909 -70.8679
1433 9.059 36.387 2 8.20742 -70.5957
1434 9.259 36.387 2 8.34825 -76.9188
1435 9.459 36.387 2 8.49146 -70.1637
1436 9.659 36.387 2 8.63692 -74.095
1437 9.859 36.387 2 8.78453 -71.1943
1438 10.059 36.387 2 8.93417 -71.05
1439 10.259 36.387 2 9.08575 -71.5482
1440 10.459 36.387 2 9.23918 -77.2199
1441 10.659 36.387 2 9.39436 -74.7418
1442 10.859 36.387 2 9.5512 -69.8419
1443 11.059 36.387 2 9.70963 -75.7883
1444 3.459 36.587 2 6.07866 -94.2386
1445 3.659 36.587 2 6.08619 -87.6573
1446 3.859 36.587 2 6.10026 -97.789
1447 4.059 36.587 2 6.12084 -83.7409
1448 4.259 36.587 2 6.14786 -101.393
1449 4.459 36.587 2 6.18124 -95.1921
1450 4.659 36.587 2 6.22087 -81.0584
1451 4.859 36.587 2 6.26664 -76.233
1452 5.059 36.587 2 6.31841 -85.5763
1453 5.259 36.587 2 6.37604 -91.0029
1454 5.459 36.587 2 6.43936 -84.2211
1455 5.659 36.587 2 6.50822 -90.1902
1456 5.859 36.587 2 6.58243 -81.753
1457 6.059 36.587 2 6.66183 -83.5168
1458 6.259 36.587 2 6.74622 -73.7782
1459 6.459 36.587 2 6.83542 -80.138
1460 6.659 36.587 2 6.92925 -79.0356
1461 6.859 36.587 2 7.02752 -79.569
1462 7.059 36.587 2 7.13004 -71.1204
1463 7.259 36.587 2 7.23665 -68.2746
1464 7.459 36.587 2 7.34715 -73.1304
1465 7.659 36.587 2 7.46137 -92.2222
1466 7.859 36.587 2 7.57916 -73.0098
1467 8.059 36.587 2 7.70033 -68.3871
1468 8.259 36.587 2 7.82475 -69.4789
1469 8.459 36.587 2 7.95224 -69.4752
1470 8.659 36.587 2 8.08268 -67.4538
1471 8.859 36.587 2 8.21591 -69.4914
1472 9.059 36.587 2 8.35181 -72.2553
1473 9.259 36.587 2 8.49024 -71.0824
1474 9.459 36.587 2 8.63109 -72.0351
1475 9.659 36.587 2 8.77424 -70.1364
1476 9.859 36.587 2 8.91957 -75.3005
1477 10.059 36.587 2 9.06699 -71.8608
1478 10.259 36.587 2 9.21639 -73.6673
1479 10.459 36.587 2 9.36768 -69.9392
1480 10.659 36.587 2 9.52076 -98.7425
1481 10.859 36.587 2 9.67556 -72.4302
1482 11.059 36.587 2 9.83198 -69.2614
1483 3.459 36.787 2 6.27862 -88.8721
1484 3.659 36.787 2 6.2859 -87.1334
1485 3.859 36.787 2 6.29953 -98.0969
1486 4.059 36.787 2 6.31947 -81.9397
1487 4.259 36.787 2 6.34564 -81.1735
1488 4.459 36.787 2 6.37798 -79.741
1489 4.659 36.787 2 6.4164 -90.3001
1490 4.859 36.787 2 6.46078 -83.5483
1491 5.059 36.787 2 6.51101 -91.8021
1492 5.259 36.787 2 6.56694 -91.114
1493 5.459 36.787 2 6.62844 -83.9991
1494 5.659 36.787 2 6.69536 -84.2417
1495 5.859 36.787 2 6.76752 -83.5823
1496 6.059 36.787 2 6.84477 -82.991
1497 6.259 36.787 2 6.92693 -79.8199
1498 6.459 36.787 2 7.01383 -76.6009
1499 6.659 36.787 2 7.10531 -74.5815
1500 6.859 36.787 2 7.20117 -77.862
1501 7.059 36.787 2 7.30126 -83.3888
1502 7.259 36.787 2 7.4054 -72.6427
1503 7.459 36.787 2 7.51342 -73.0843
1504 7.659 36.787 2 7.62516 -72.5088
1505 7.859 36.787 2 7.74045 -72.1924
1506 8.059 36.787 2 7.85914 -70.7072
1507 8.259 36.787 2 7.98108 -69.5845
1508 8.459 36.787 2 8.10611 -67.3706
1509 8.659 36.787 2 8.23411 -70.6496
1510 8.859 36.787 2 8.36493 -67.6025
1511 9.059 36.787 2 8.49845 -70.9267
1512 9.259 36.787 2 8.63453 -69.2736
1513 9.459 36.787 2 8.77307 -72.0514
1514 9.659 36.787 2 8.91393 -71.0362
1515 9.859 36.787 2 9.05703 -71.8355
1516 10.059 36.787 2 9.20224 -71.1932
1517 10.259 36.787 2 9.34948 -75.3595
1518 10.459 36.787 2 9.49865 -73.3176
1519 10.659 36.787 2 9.64965 -72.9056
1520 10.859 36.787 2 9.80241 -73.3317
1521 11.059 36.787 2 9.95685 -73.9117
1522 3.459 36.987 2 6.47858 -92.3279
1523 3.659 36.987 2 6.48564 -86.8416
1524 3.859 36.987 2 6.49885 -103.009
1525 4.059 36.987 2 6.51817 -81.9145
1526 4.259 36.987 2 6.54355 -90.648
1527 4.459 36.987 2 6.57492 -85.615
1528 4.659 36.987 2 6.61219 -83.9386
1529 4.859 36.987 2 6.65527 -86.7778
1530 5.059 36.987 2 6.70404 -89.1821
1531 5.259 36.987 2 6.75838 -88.2967
1532 5.459 36.987 2 6.81815 -82.4759
1533 5.659 36.987 2 6.88322 -83.332
1534 5.859 36.987 2 6.95343 -80.1407
1535 6.059 36.987 2 7.02864 -81.8106
1536 6.259 36.987 2 7.10868 -84.1855
1537 6.459 36.987 2 7.19339 -79.1984
1538 6.659 36.987 2 7.2826 -77.8855
1539 6.859 36.987 2 7.37617 -79.5275
1540 7.059 36.987 2 7.47391 -78.7852
1541 7.259 36.987 2 7.57568 -73.5255
1542 7.459 36.987 2 7.6813 -72.4281
1543 7.659 36.987 2 7.79063 -70.6072
1544 7.859 36.987 2 7.90351 -72.0177
1545 8.059 36.987 2 8.01979 -73.3452
1546 8.259 36.987 2 8.13932 -68.4787
1547 8.459 36.987 2 8.26196 -71.1159
1548 8.659 36.987 2 8.38758 -67.9856
1549 8.859 36.987 2 8.51605 -68.0157
1550 9.059 36.987 2 8.64723 -69.8735
1551 9.259 36.987 2 8.78101 -74.6161
1552 9.459 36.987 2 8.91726 -70.7181
1553 9.659 36.987 2 9.05589 -71.1671
1554 9.859 36.987 2 9.19677 -69.843
1555 10.059 36.987 2 9.33982 -71.7951
1556 10.259 36.987 2 9.48492 -73.296
1557 10.459 36.987 2 9.63199 -72.796
1558 10.659 36.987 2 9.78094 -74.5206
1559 10.859 36.987 2 9.93168 -76.3188
1560 11.059 36.987 2 10.0841 -72.7267
1561 3.459 37.187 2 6.67854 -94.1966
1562 3.659 37.187 2 6.68539 -91.696
1563 3.859 37.187 2 6.69821 -104.021
1564 4.059 37.187 2 6.71695 -85.0371
1565 4.259 37.187 2 6.74159 -92.1279
1566 4.459 37.187 2 6.77204 -83.6397
1567 4.659 37.187 2 6.80823 -89.559
1568 4.859 37.187 2 6.85008 -84.1173
1569 5.059 37.187 2 6.89747 -81.4049
1570 5.259 37.187 2 6.95029 -80.4097
1571 5.459 37.187 2 7.00843 -79.6105
1572 5.659 37.187 2 7.07175 -95.0947
1573 5.859 37.187 2 7.14011 -86.8398
1574 6.059 37.187 2 7.21337 -77.928
1575 6.259 37.187 2 7.29138 -82.3599
1576 6.459 37.187 2 7.37399 -78.9441
1577 6.659 37.187 2 7.46105 -77.9562
1578 6.859 37.187 2 7.5524 -79.2852
1579 7.059 37.187 2 7.64789 -80.8291
1580 7.259 37.187 2 7.74737 -74.2338
1581 7.459 37.187 2 7.85069 -70.9368
1582 7.659 37.187 2 7.95769 -71.592
1583 7.859 37.187 2 8.06823 -72.0417
1584 8.059 37.187 2 8.18217 -70.7703
1585 8.259 37.187 2 8.29936 -70.5687
1586 8.459 37.187 2 8.41967 -68.1331
1587 8.659 37.187 2 8.54298 -72.1322
1588 8.859 37.187 2 8.66914 -71.0316
1589 9.059 37.187 2 8.79804 -69.9214
1590 9.259 37.187 2 8.92956 -67.972
1591 9.459 37.187 2 9.06358 -71.9568
1592 9.659 37.187 2 9.2 -70.7858
1593 9.859 37.187 2 9.33871 -72.1343
1594 10.059 37.187 2 9.47961 -73.5661
1595 10.259 37.187 2 9.62261 -70.914
1596 10.459 37.187 2 9.76761 -81.9427
1597 10.659 37.187 2 9.91452 -69.5164
1598 10.859 37.187 2 10.0633 -75.2612
1599 11.059 37.187 2 10.2137 -70.2387
1600 3.459 37.387 2 6.87851 -93.4616
1601 3.659 37.387 2 6.88516 -97.9216
1602 3.859 37.387 2 6.8976 -100.773
1603 4.059 37.387 2 6.91581 -87.6937
1604 4.259 37.387 2 6.93973 -94.2259
1605 4.459 37.387 2 6.96932 -91.4007
1606 4.659 37.387 2 7.0045 -90.7029
1607 4.859 37.387 2 7.04517 -81.9826
1608 5.059 37.387 2 7.09126 -88.8288
1609 5.259 37.387 2 7.14265 -86.3253
1610 5.459 37.387 2 7.19924 -90.7392
1611 5.659 37.387 2 7.26089 -79.3797
1612 5.859 37.387 2 7.32749 -79.5404
1613 6.059 37.387 2 7.39889 -78.7202
1614 6.259 37.387 2 7.47497 -76.9293
1615 6.459 37.387 2 7.55557 -77.49
1616 6.659 37.387 2 7.64056 -74.5638
1617 6.859 37.387 2 7.72979 -75.0238
1618 7.059 37.387 2 7.82312 -82.6458
1619 7.259 37.387 2 7.9204 -84.6506
1620 7.459 37.387 2 8.02149 -73.0793
1621 7.659 37.387 2 8.12624 -71.1134
1622 7.859 37.387 2 8.23452 -78.7506
1623 8.059 37.387 2 8.34618 -70.5043
1624 8.259 37.387 2 8.46111 -71.4978
1625 8.459 37.387 2 8.57915 -72.1236
1626 8.659 37.387 2 8.70019 -70.1626
1627 8.859 37.387 2 8.82411 -70.9122
1628 9.059 37.387 2 8.95078 -69.5834
1629 9.259 37.387 2 9.08008 -69.9581
1630 9.459 37.387 2 9.21192 -72.9347
1631 9.659 37.387 2 9.34617 -72.9965
1632 9.859 37.387 2 9.48275 -72.4448
1633 10.059 37.387 2 9.62154 -73.1296
1634 10.259 37.387 2 9.76245 -70.3757
1635 10.459 37.387 2 9.9054 -72.6736
1636 10.659 37.387 2 10.0503 -68.6439
1637 10.859 37.387 2 10.1971 -73.2074
1638 11.059 37.387 2 10.3456 -73.4578
1639 3.459 37.587 2 7.07847 -93.4031
1640 3.659 37.587 2 7.08493 -98.6966
1641 3.859 37.587 2 7.09703 -100.71
1642 4.059 37.587 2 7.11473 -90.7915
1643 4.259 37.587 2 7.13799 -89.4369
1644 4.459 37.587 2 7.16675 -84.205
1645 4.659 37.587 2 7.20096 -87.244
1646 4.859 37.587 2 7.24054 -87.7815
1647 5.059 37.587 2 7.28539 -96.3119
1648 5.259 37.587 2 7.33542 -84.2395
1649 5.459 37.587 2 7.39053 -78.5071
1650 5.659 37.587 2 7.4506 -78.9997
1651 5.859 37.587 2 7.51552 -84.6918
1652 6.059 37.587 2 7.58515 -96.8023
1653 6.259 37.587 2 7.65938 -87.2463
1654 6.459 37.587 2 7.73806 -78.2634
1655 6.659 37.587 2 7.82107 -77.5385
1656 6.859 37.587 2 7.90826 -75.5869
1657 7.059 37.587 2 7.99951 -80.7964
1658 7.259 37.587 2 8.09467 -91.122
1659 7.459 37.587 2 8.1936 -79.9603
1660 7.659 37.587 2 8.29618 -75.0137
1661 7.859 37.587 2 8.40227 -72.6098
1662 8.059 37.587 2 8.51174 -76.6055
1663 8.259 37.587 2 8.62446 -74.8961
1664 8.459 37.587 2 8.7403 -69.404
1665 8.659 37.587 2 8.85914 -70.6165
1666 8.859 37.587 2 8.98086 -73.6725
1667 9.059 37.587 2 9.10535 -71.0254
1668 9.259 37.587 2 9.23249 -70.5409
1669 9.459 37.587 2 9.36218 -70.976
1670 9.659 37.587 2 9.49431 -72.6957
1671 9.859 37.587 2 9.62878 -72.8463
1672 10.059 37.587 2 9.7655 -69.8156
1673 10.259 37.587 2 9.90436 -71.8743
1674 10.459 37.587 2 10.0453 -70.5903
1675 10.659 37.587 2 10.1882 -70.0248
1676 10.859 37.587 2 10.333 -75.5973
1677 11.059 37.587 2 10.4796 -70.1875
1678 3.459 37.787 2 7.27844 -95.753
1679 3.659 37.787 2 7.28472 -97.681
1680 3.859 37.787 2 7.29649 -102.257
1681 4.059 37.787 2 7.3137 -91.7688
1682 4.259 37.787 2 7.33633 -88.363
1683 4.459 37.787 2 7.36432 -87.8111
1684 4.659 37.787 2 7.39762 -90.764
1685 4.859 37.787 2 7.43615 -92.6008
1686 5.059 37.787 2 7.47983 -87.5956
1687 5.259 37.787 2 7.52857 -77.9543
1688 5.459 37.787 2 7.58227 -90.5475
1689 5.659 37.787 2 7.64084 -105.551
1690 5.859 37.787 2 7.70415 -78.8472
1691 6.059 37.787 2 7.77209 -80.7922
1692 6.259 37.787 2 7.84455 -93.8774
1693 6.459 37.787 2 7.92139 -82.8648
1694 6.659 37.787 2 8.0025 -81.665
1695 6.859 37.787 2 8.08774 -76.7963
1696 7.059 37.787 2 8.17698 -79.12
1697 7.259 37.787 2 8.2701 -89.5522
1698 7.459 37.787 2 8.36696 -79.1829
1699 7.659 37.787 2 8.46744 -78.5122
1700 7.859 37.787 2 8.57141 -77.5202
1701 8.059 37.787 2 8.67875 -76.7772
1702 8.259 37.787 2 8.78932 -71.7149
1703 8.459 37.787 2 8.90302 -79.0167
1704 8.659 37.787 2 9.01971 -76.1561
1705 8.859 37.787 2 9.1393 -71.6128
1706 9.059 37.787 2 9.26165 -70.7109
1707 9.259 37.787 2 9.38668 -72.1539
1708 9.459 37.787 2 9.51427 -73.2271
1709 9.659 37.787 2 9.64431 -72.0582
1710 9.859 37.787 2 9.77672 -72.2328
1711 10.059 37.787 2 9.9114 -70.9391
1712 10.259 37.787 2 10.0483 -74.7488
1713 10.459 37.787 2 10.1872 -70.0928
1714 10.659 37.787 2 10.3281 -72.8156
1715 10.859 37.787 2 10.471 -75.5428
1716 11.059 37.787 2 10.6157 -78.5076
